15000
4
125
10
[[180,690,954,60,234,260,411,447,273,297,60,127,456,1090,456,336,60,180,180,732,480,217,1009,392,392,217,450,450,465,465,834,60,15,912,397,408,413,439,19,355,360,196,501,418,448,418,448,545,572,90,90,322,15,912,447,445,445,447,189,476,476,349,355,349,355,336,471,384,384,364,332,471,328,75,75,471,356,249,135,135,369,249,462,332,462,534,528,397,240,75,75,456,135,135,540,94,290,290,270,240,180,486,1247,4,337,307,660,345,454,454,219,391,219,391,394,394,546,465,456,15,304,1200,414,15,0],
[177,687,951,57,231,257,408,444,270,294,57,124,453,1087,453,333,57,177,177,729,477,214,1006,389,389,214,447,447,462,462,831,57,12,909,394,405,410,436,16,352,357,193,498,415,445,415,445,542,569,87,87,319,12,909,444,442,442,444,186,473,473,346,352,346,352,333,468,381,381,361,329,468,325,72,72,468,353,246,132,132,366,246,459,329,459,531,525,394,237,72,72,453,132,132,537,91,287,287,267,237,177,483,1244,1,334,304,657,342,451,451,216,388,216,388,391,391,543,462,453,12,301,1197,411,12,0],
[178,688,952,58,232,258,409,445,271,295,58,125,454,1088,454,334,58,178,178,730,478,215,1007,390,390,215,448,448,463,463,832,58,13,910,395,406,411,437,17,353,358,194,499,416,446,416,446,543,570,88,88,320,13,910,445,443,443,445,187,474,474,347,353,347,353,334,469,382,382,362,330,469,326,73,73,469,354,247,133,133,367,247,460,330,460,532,526,395,238,73,73,454,133,133,538,92,288,288,268,238,178,484,1245,2,335,305,658,343,452,452,217,389,217,389,392,392,544,463,454,13,302,1198,412,13,0],
[180,690,954,60,234,260,411,447,273,297,60,127,456,1090,456,336,60,180,180,732,480,217,1009,392,392,217,450,450,465,465,834,60,15,912,397,408,413,439,19,355,360,196,501,418,448,418,448,545,572,90,90,322,15,912,447,445,445,447,189,476,476,349,355,349,355,336,471,384,384,364,332,471,328,75,75,471,356,249,135,135,369,249,462,332,462,534,528,397,240,75,75,456,135,135,540,94,290,290,270,240,180,486,1247,4,337,307,660,345,454,454,219,391,219,391,394,394,546,465,456,15,304,1200,414,15,0],
[180,690,954,60,234,260,411,447,273,297,60,127,456,1090,456,336,60,180,180,732,480,217,1009,392,392,217,450,450,465,465,834,60,15,912,397,408,413,439,19,355,360,196,501,418,448,418,448,545,572,90,90,322,15,912,447,445,445,447,189,476,476,349,355,349,355,336,471,384,384,364,332,471,328,75,75,471,356,249,135,135,369,249,462,332,462,534,528,397,240,75,75,456,135,135,540,94,290,290,270,240,180,486,1247,4,337,307,660,345,454,454,219,391,219,391,394,394,546,465,456,15,304,1200,414,15,0],
[177,687,951,57,231,257,408,444,270,294,57,124,453,1087,453,333,57,177,177,729,477,214,1006,389,389,214,447,447,462,462,831,57,12,909,394,405,410,436,16,352,357,193,498,415,445,415,445,542,569,87,87,319,12,909,444,442,442,444,186,473,473,346,352,346,352,333,468,381,381,361,329,468,325,72,72,468,353,246,132,132,366,246,459,329,459,531,525,394,237,72,72,453,132,132,537,91,287,287,267,237,177,483,1244,1,334,304,657,342,451,451,216,388,216,388,391,391,543,462,453,12,301,1197,411,12,0],
[177,687,951,57,231,257,408,444,270,294,57,124,453,1087,453,333,57,177,177,729,477,214,1006,389,389,214,447,447,462,462,831,57,12,909,394,405,410,436,16,352,357,193,498,415,445,415,445,542,569,87,87,319,12,909,444,442,442,444,186,473,473,346,352,346,352,333,468,381,381,361,329,468,325,72,72,468,353,246,132,132,366,246,459,329,459,531,525,394,237,72,72,453,132,132,537,91,287,287,267,237,177,483,1244,1,334,304,657,342,451,451,216,388,216,388,391,391,543,462,453,12,301,1197,411,12,0],
[177,687,951,57,231,257,408,444,270,294,57,124,453,1087,453,333,57,177,177,729,477,214,1006,389,389,214,447,447,462,462,831,57,12,909,394,405,410,436,16,352,357,193,498,415,445,415,445,542,569,87,87,319,12,909,444,442,442,444,186,473,473,346,352,346,352,333,468,381,381,361,329,468,325,72,72,468,353,246,132,132,366,246,459,329,459,531,525,394,237,72,72,453,132,132,537,91,287,287,267,237,177,483,1244,1,334,304,657,342,451,451,216,388,216,388,391,391,543,462,453,12,301,1197,411,12,0],
[180,690,954,60,234,260,411,447,273,297,60,127,456,1090,456,336,60,180,180,732,480,217,1009,392,392,217,450,450,465,465,834,60,15,912,397,408,413,439,19,355,360,196,501,418,448,418,448,545,572,90,90,322,15,912,447,445,445,447,189,476,476,349,355,349,355,336,471,384,384,364,332,471,328,75,75,471,356,249,135,135,369,249,462,332,462,534,528,397,240,75,75,456,135,135,540,94,290,290,270,240,180,486,1247,4,337,307,660,345,454,454,219,391,219,391,394,394,546,465,456,15,304,1200,414,15,0],
[176,686,950,56,230,256,407,443,269,293,56,123,452,1086,452,332,56,176,176,728,476,213,1005,388,388,213,446,446,461,461,830,56,11,908,393,404,409,435,15,351,356,192,497,414,444,414,444,541,568,86,86,318,11,908,443,441,441,443,185,472,472,345,351,345,351,332,467,380,380,360,328,467,324,71,71,467,352,245,131,131,365,245,458,328,458,530,524,393,236,71,71,452,131,131,536,90,286,286,266,236,176,482,1243,0,333,303,656,341,450,450,215,387,215,387,390,390,542,461,452,11,300,1196,410,11,0]]
[[13.69,6.4009,2.4649,4e+10,0.4356,1.5376,4e+10,4e+10,6.1504,2.0736,7.1824,1.9321,4e+10,4e+10,3.3124,6.0516,0.1296,6.3001,10.3041,0.8836,4e+10,3.0976,4e+10,4e+10,8.5849,4e+10,0.8464,1.2769,2.1025,0.9604,3.0976,4e+10,4e+10,0.1369,9.9856,4e+10,6.1504,47.4721,6.6049,4e+10,1.5876,11.4921,5.6169,0.3969,67.7329,0.0529,3.8809,1.9044,4e+10,7.2361,0.0625,87.9844,4.7089,2.0164,4e+10,0.8649,0.1369,4.0804,0.5776,1,4e+10,35.5216,0.1936,1.2321,1.4161,4e+10,4e+10,4.6225,16.5649,1.21,0.6724,0.0484,4e+10,14.2129,8.2944,14.5924,7.2361,4e+10,2.6244,11.0224,83.9056,110.67,4.3264,0.2116,6.8644,16.1604,3.4969,202.778,4e+10,2.8224,3.1329,14.7456,40.4496,85.1929,4e+10,0.0009,4e+10,2.1316,4e+10,19.9809,1.9044,4e+10,129.96,3.9204,4e+10,4e+10,13.3956,3.2761,4e+10,29.3764,48.3025,4e+10,0.5041,148.109,5.3361,4e+10,89.3025,4e+10,0.1296,9.3636,0.36,23.2324,0.1296,3.4596,2.0449],
[11.56,4.9729,1.6129,0.0225,0.1296,0.8836,5.0176,0.49,4.7524,1.2996,5.6644,1.1881,53.29,4.8841,2.3104,4.6656,4e+10,4.8841,8.4681,0.4096,0.0676,2.1316,223.802,0.5041,6.9169,12.4609,0.3844,0.6889,1.3225,0.4624,2.1316,0.5625,12.6736,0.0049,8.1796,0.49,4.7524,43.4281,5.1529,0.04,0.9216,9.5481,4.2849,0.1089,62.8849,0.0049,2.7889,1.1664,0.49,4e+10,0.0025,82.4464,3.4969,1.2544,12.3904,0.3969,0.0049,2.9584,0.2116,0.49,0.0036,32.0356,0.0196,0.6561,0.7921,0.1444,0.3481,3.4225,14.2129,0.64,0.2704,0.0064,12.1801,12.0409,6.6564,12.3904,5.7121,4e+10,1.7424,9.1204,78.4996,104.448,3.1684,0.0256,5.3824,13.8384,2.4649,194.324,0.49,1.9044,4e+10,12.5316,36.7236,79.7449,12.1801,0.0729,0.4225,1.3456,0.0289,17.3889,1.1664,0.0361,123.21,2.8224,0.49,2.89,11.2896,2.2801,37.9456,26.2144,44.2225,0.64,0.1681,140.897,4.0401,136.189,83.7225,0.49,0.0036,7.6176,0.09,20.4304,0.0036,2.4336,1.2769],
[9,3.3489,0.7569,0.0625,0.0016,0.2916,3.3856,1.69,3.1684,0.5476,3.9204,0.4761,47.61,3.2761,1.2544,3.0976,0.1156,3.2761,6.3001,0.0576,0.0196,1.1236,211.994,0.0961,4.9729,9.7969,0.0484,0.1849,0.5625,0.0784,1.1236,0.1225,4e+10,0.1089,6.0516,1.69,3.1684,38.3161,3.4969,0.04,0.3136,7.2361,2.7889,0.0049,56.7009,0.2209,1.6129,0.4624,1.69,3.9601,0.2025,75.3424,2.1609,0.5184,9.7344,0.0529,0.1089,1.7424,0.0036,0.09,0.1156,27.6676,0.0676,0.1681,0.2401,0.0004,1.69,2.1025,11.3569,0.16,0.0144,0.2304,9.5481,9.4249,4.7524,9.7344,3.9601,0.6724,4e+10,6.8644,71.5716,96.4324,1.9044,0.0576,3.6864,11.0224,1.3689,183.332,0.09,0.9604,1.1449,9.8596,32.0356,72.7609,9.5481,0.4489,0.0625,0.5776,1.69,14.2129,0.4624,0.3481,114.49,1.6384,1.69,1.69,8.7616,1.2321,33.1776,22.2784,39.0625,0.16,0.0001,131.561,2.5921,127.013,76.5625,1.69,4e+10,5.5696,0.01,16.9744,0.1156,1.3456,0.5329],
[11.56,4.9729,1.6129,2.89,0.1296,0.8836,5.0176,2.89,4.7524,1.2996,5.6644,1.1881,2.89,4.8841,2.3104,4.6656,0.0036,4.8841,8.4681,0.4096,0.0676,2.1316,223.802,0.5041,6.9169,12.4609,0.3844,4e+10,1.3225,0.4624,2.1316,2.89,12.6736,0.0049,8.1796,2.89,4.7524,43.4281,5.1529,0.04,0.9216,9.5481,4.2849,0.1089,62.8849,0.0049,2.7889,1.1664,2.89,5.7121,0.0025,82.4464,3.4969,1.2544,12.3904,0.3969,0.0049,2.9584,0.2116,0.49,2.89,32.0356,0.0196,0.6561,0.7921,0.1444,2.89,3.4225,14.2129,0.64,0.2704,0.0064,12.1801,12.0409,4e+10,12.3904,5.7121,1.4884,1.7424,9.1204,78.4996,104.448,3.1684,0.0256,5.3824,13.8384,2.4649,194.324,0.49,1.9044,2.1609,12.5316,36.7236,79.7449,12.1801,0.0729,2.89,1.3456,2.89,17.3889,1.1664,0.0361,123.21,2.8224,2.89,2.89,11.2896,2.2801,37.9456,26.2144,44.2225,0.64,0.1681,4e+10,4.0401,136.189,83.7225,2.89,0.0036,7.6176,0.09,20.4304,0.0036,2.4336,1.2769],
[9,3.3489,0.7569,5.29,0.0016,0.2916,4e+10,5.29,3.1684,0.5476,3.9204,0.4761,5.29,5.29,1.2544,4e+10,0.1156,3.2761,6.3001,0.0576,0.0196,1.1236,211.994,0.0961,4.9729,5.29,0.0484,0.1849,0.5625,4e+10,1.1236,5.29,9.9856,0.1089,6.0516,5.29,3.1684,38.3161,3.4969,0.04,0.3136,7.2361,2.7889,0.0049,56.7009,0.2209,1.6129,4e+10,5.29,3.9601,0.2025,4e+10,2.1609,0.5184,4e+10,0.0529,0.1089,1.7424,0.0036,0.09,5.29,27.6676,0.0676,0.1681,0.2401,0.0004,5.29,2.1025,11.3569,0.16,0.0144,0.2304,9.5481,9.4249,4.7524,9.7344,3.9601,0.6724,0.8464,6.8644,71.5716,96.4324,1.9044,4e+10,3.6864,11.0224,1.3689,183.332,5.29,0.9604,1.1449,9.8596,32.0356,72.7609,9.5481,0.4489,5.29,0.5776,5.29,14.2129,0.4624,4e+10,114.49,1.6384,5.29,1.69,8.7616,1.2321,33.1776,22.2784,39.0625,0.16,0.0001,131.561,2.5921,127.013,76.5625,5.29,0.1156,5.5696,0.01,16.9744,0.1156,1.3456,0.5329],
[12.25,5.4289,1.8769,14.44,0.2116,1.0816,5.4756,14.44,5.1984,4e+10,6.1504,1.4161,14.44,14.44,2.6244,5.1076,0.0256,5.3361,9.0601,0.5476,14.44,2.4336,226.804,14.44,7.4529,14.44,0.5184,4e+10,1.5625,0.6084,2.4336,14.44,13.3956,0.0289,8.7616,14.44,5.1984,44.7561,5.6169,0.09,1.1236,10.1761,4.7089,0.1849,64.4809,0.0009,3.1329,1.3924,14.44,4e+10,0.0025,84.2724,3.8809,1.4884,13.1044,0.5329,0.0289,3.3124,0.3136,0.64,14.44,33.1776,0.0576,0.8281,0.9801,0.2304,4e+10,3.8025,14.9769,0.81,0.3844,0.0004,12.8881,12.7449,7.1824,13.1044,6.2001,14.44,2.0164,9.7344,80.2816,106.502,3.5344,0.0676,5.8564,14.5924,2.7889,197.122,14.44,2.1904,2.4649,13.2496,37.9456,81.5409,12.8881,0.0289,14.44,1.5876,14.44,18.2329,1.3924,0.0081,125.44,3.1684,14.44,3.24,11.9716,2.5921,39.1876,27.2484,45.5625,0.81,0.2601,143.281,4.4521,138.533,85.5625,14.44,0.0256,8.1796,4e+10,21.3444,4e+10,2.7556,1.5129],
[4e+10,5.9049,2.1609,15.21,0.3136,1.2996,5.9536,15.21,5.6644,1.7956,6.6564,1.6641,15.21,15.21,2.9584,5.5696,0.0676,5.8081,9.6721,0.7056,15.21,2.7556,229.826,15.21,8.0089,15.21,0.6724,1.0609,1.8225,0.7744,2.7556,15.21,14.1376,0.0729,9.3636,4e+10,5.6644,4e+10,6.1009,15.21,1.3456,10.8241,5.1529,0.2809,66.0969,0.0169,3.4969,1.6384,15.21,6.7081,0.0225,86.1184,4.2849,1.7424,15.21,0.6889,0.0729,3.6864,0.4356,0.81,15.21,34.3396,0.1156,1.0201,1.1881,0.3364,15.21,4e+10,15.7609,1,0.5184,0.0144,15.21,13.4689,7.7284,13.8384,6.7081,15.21,2.3104,10.3684,82.0836,108.576,3.9204,0.1296,6.3504,15.3664,4e+10,199.94,15.21,2.4964,2.7889,13.9876,39.1876,83.3569,13.6161,0.0049,15.21,1.8496,15.21,19.0969,1.6384,15.21,127.69,3.5344,15.21,15.21,12.6736,2.9241,15.21,28.3024,46.9225,1,0.3721,145.685,4.8841,140.897,87.4225,15.21,0.0676,8.7616,0.25,22.2784,4e+10,4e+10,1.7689],
[8.41,2.9929,0.5929,1.44,0.0196,4e+10,3.0276,1.44,2.8224,0.4096,3.5344,0.3481,4e+10,1.44,1.0404,2.7556,0.1936,2.9241,5.8081,0.0196,1.44,0.9216,1.44,1.44,4.5369,1.44,0.0144,0.1089,0.4225,0.0324,0.9216,1.44,9.3636,0.1849,5.5696,1.44,2.8224,37.0881,3.1329,1.44,0.2116,6.7081,2.4649,0.0289,55.2049,0.3249,1.3689,0.3364,1.44,3.5721,0.3025,73.6164,1.8769,0.3844,1.44,0.0169,0.1849,1.4884,0.0016,0.04,1.44,26.6256,0.1296,0.0961,0.1521,0.0144,1.44,1.8225,10.6929,0.09,0.0004,0.3364,1.44,8.8209,4.3264,9.1204,3.5721,1.44,0.6724,6.3504,69.8896,4e+10,1.6384,0.1156,3.3124,4e+10,1.1449,180.634,1.44,0.7744,0.9409,9.2416,30.9136,71.0649,8.9401,0.5929,1.44,0.4356,1.44,13.4689,0.3364,1.44,112.36,1.3924,1.44,1.44,8.1796,1.0201,1.44,21.3444,37.8225,1.44,0.0081,129.277,2.2801,124.769,74.8225,1.44,0.1936,5.1076,0.04,16.1604,0.1936,1.1236,0.3969],
[13.69,6.4009,2.4649,4,0.4356,1.5376,6.4516,4,6.1504,2.0736,7.1824,1.9321,4,4,3.3124,6.0516,0.1296,6.3001,10.3041,0.8836,4,3.0976,4,4,8.5849,4,0.8464,1.2769,2.1025,0.9604,3.0976,4,4,0.1369,9.9856,4,6.1504,47.4721,6.6049,4,1.5876,11.4921,5.6169,0.3969,67.7329,0.0529,3.8809,1.9044,4,7.2361,0.0625,87.9844,4.7089,2.0164,4,0.8649,0.1369,4.0804,0.5776,1,4,35.5216,0.1936,1.2321,4e+10,4,4,4.6225,4e+10,1.21,0.6724,0.0484,4,14.2129,8.2944,14.5924,7.2361,4,2.6244,11.0224,83.9056,110.67,4.3264,0.2116,6.8644,16.1604,3.4969,202.778,4,2.8224,3.1329,14.7456,40.4496,85.1929,14.3641,0.0009,4,2.1316,4,19.9809,1.9044,4,129.96,3.9204,4,4,13.3956,3.2761,4,29.3764,48.3025,4,0.5041,148.109,5.3361,4,89.3025,4,0.1296,9.3636,0.36,23.2324,0.1296,3.4596,2.0449],
[11.56,4.9729,1.6129,13.69,0.1296,0.8836,13.69,13.69,4.7524,1.2996,5.6644,1.1881,13.69,13.69,2.3104,4.6656,0.0036,4.8841,8.4681,0.4096,13.69,2.1316,13.69,13.69,6.9169,13.69,0.3844,0.6889,1.3225,0.4624,2.1316,13.69,13.69,0.0049,8.1796,13.69,4.7524,43.4281,5.1529,13.69,0.9216,9.5481,4.2849,0.1089,62.8849,0.0049,2.7889,1.1664,4e+10,5.7121,0.0025,82.4464,3.4969,1.2544,13.69,0.3969,0.0049,2.9584,0.2116,0.49,13.69,32.0356,0.0196,0.6561,0.7921,13.69,13.69,3.4225,14.2129,0.64,0.2704,0.0064,4e+10,12.0409,6.6564,4e+10,5.7121,13.69,1.7424,9.1204,78.4996,104.448,3.1684,0.0256,5.3824,13.8384,2.4649,194.324,13.69,1.9044,2.1609,12.5316,36.7236,79.7449,13.69,0.0729,13.69,1.3456,13.69,17.3889,1.1664,13.69,123.21,2.8224,13.69,13.69,11.2896,2.2801,13.69,26.2144,44.2225,13.69,0.1681,140.897,4.0401,13.69,83.7225,13.69,0.0036,7.6176,0.09,20.4304,0.0036,2.4336,1.2769]]
[45,49,46,49,46,54,55,42,75,77]
1,2
2,3
3,4
3,7
4,5
4,6
5,9
6,10
7,9
7,10
8,11
9,13
9,14
10,14
10,15
11,12
12,14
13,17
13,19
14,16
14,95
15,17
15,18
16,31
17,20
18,20
19,20
20,21
20,22
20,23
20,24
20,25
20,26
20,39
20,52
21,22
21,23
21,24
21,25
21,26
22,27
22,28
23,27
23,28
24,27
24,28
25,27
25,28
26,27
26,28
27,29
27,32
28,30
28,32
29,33
30,53
31,35
31,37
32,125
33,34
34,56
34,66
34,67
35,36
36,39
37,38
38,39
39,40
39,41
39,42
39,92
40,43
40,44
40,45
41,46
41,47
41,48
42,49
42,50
42,51
43,52
44,52
45,52
46,52
47,52
48,52
49,52
50,52
51,52
52,96
53,54
54,55
54,70
54,71
55,58
56,57
57,59
58,59
59,60
59,61
60,62
61,64
62,63
63,68
64,65
65,69
66,76
66,77
67,76
67,77
68,75
69,74
70,72
70,73
71,72
71,73
72,82
73,81
74,80
75,79
76,78
77,86
78,85
78,86
79,85
79,86
80,83
80,84
81,84
82,83
82,88
83,91
84,88
85,90
86,87
87,90
88,89
89,91
90,93
90,94
91,93
91,94
92,120
92,124
93,123
94,123
95,125
96,97
96,98
96,99
96,100
96,101
97,102
98,102
99,102
100,102
101,102
102,103
103,104
104,105
104,106
105,107
105,108
105,109
105,110
105,111
105,112
105,113
105,114
105,115
105,116
106,107
106,108
106,109
106,110
106,111
106,112
106,113
106,114
106,115
106,116
107,117
107,118
107,119
108,117
108,118
108,119
109,117
109,118
109,119
110,117
110,118
110,119
111,117
111,118
111,119
112,117
112,118
112,119
113,117
113,118
113,119
114,117
114,118
114,119
115,117
115,118
115,119
116,117
116,118
116,119
117,122
118,121
119,123
120,123
121,122
122,123
123,125
124,125
-1,-1