0.8532
0.3349
0.6242
0.3308
0.5780
0.9795
0.7585
0.5304
0.6096
0.4250
0.2380
0.1578
0.1700
0.3852
0.1962
0.1642
0.4488
0.3402
0.3060
0.0792
0.1387
0.4320
0.2608
0.2890
0.2652
0.3101
0.2543
0.6334
0.2428
0.3414
0.3636
0.2183
0.2139
0.4196
0.3886
0.4304
0.2693
0.4253
0.4454
0.2254
0.1680
0.4379
0.2693
0.1965
0.2020
0.1965
0.2115
0.1965
0.1918
0.1965
0.1965
0.2948
0.1965
0.1965
0.1965
0.1965
0.1965
0.1965
0.1965
0.1965
0.1965
0.1965
0.1965
0.1965
0.1965
0.1965
0.1965
0.1965
0.1588
0.3016
0.1346
0.4406
0.3740
0.8646
0.2598
0.1821
0.2383
0.3958
0.1459
0.7140
0.1530
0.4420
1.2549
