3.70
2.53
1.57
0.45
0.66
1.24
2.54
0.39
2.48
1.44
2.68
1.39
7.60
2.51
1.82
2.46
0.36
2.51
3.21
0.94
0.56
1.76
15.26
1.01
2.93
3.83
0.92
1.13
1.45
0.98
1.76
1.05
3.86
0.37
3.16
6.01
2.48
6.89
2.57
0.50
1.26
3.39
2.37
0.63
8.23
0.23
1.97
1.38
2.37
2.69
0.25
9.38
2.17
1.42
3.82
0.93
0.37
2.02
0.76
1.00
0.36
5.96
0.44
1.11
1.19
0.68
0.89
2.15
4.07
1.10
0.82
0.22
3.79
3.77
2.88
3.82
2.69
1.52
1.62
3.32
9.16
10.52
2.08
0.46
2.62
4.02
1.87
14.24
1.00
1.68
1.77
3.84
6.36
9.23
3.79
0.03
0.95
1.46
0.13
4.47
1.38
0.11
11.40
1.98
0.64
2.00
3.66
1.81
6.46
5.42
6.95
1.10
0.71
12.17
2.31
11.97
9.45
2.04
0.36
3.06
0.60
4.82
0.36
1.86
1.43