15000
4
125
10
[[180,690,954,60,234,260,411,447,273,297,60,127,456,1090,456,336,60,180,180,732,480,217,1009,392,392,217,450,450,465,465,834,60,15,912,397,408,413,439,19,355,360,196,501,418,448,418,448,545,572,90,90,322,15,912,447,445,445,447,189,476,476,349,355,349,355,336,471,384,384,364,332,471,328,75,75,471,356,249,135,135,369,249,462,332,462,534,528,397,240,75,75,456,135,135,540,94,290,290,270,240,180,486,1247,4,337,307,660,345,454,454,219,391,219,391,394,394,546,465,456,15,304,1200,414,15,0],
[176,686,950,56,230,256,407,443,269,293,56,123,452,1086,452,332,56,176,176,728,476,213,1005,388,388,213,446,446,461,461,830,56,11,908,393,404,409,435,15,351,356,192,497,414,444,414,444,541,568,86,86,318,11,908,443,441,441,443,185,472,472,345,351,345,351,332,467,380,380,360,328,467,324,71,71,467,352,245,131,131,365,245,458,328,458,530,524,393,236,71,71,452,131,131,536,90,286,286,266,236,176,482,1243,0,333,303,656,341,450,450,215,387,215,387,390,390,542,461,452,11,300,1196,410,11,0],
[176,686,950,56,230,256,407,443,269,293,56,123,452,1086,452,332,56,176,176,728,476,213,1005,388,388,213,446,446,461,461,830,56,11,908,393,404,409,435,15,351,356,192,497,414,444,414,444,541,568,86,86,318,11,908,443,441,441,443,185,472,472,345,351,345,351,332,467,380,380,360,328,467,324,71,71,467,352,245,131,131,365,245,458,328,458,530,524,393,236,71,71,452,131,131,536,90,286,286,266,236,176,482,1243,0,333,303,656,341,450,450,215,387,215,387,390,390,542,461,452,11,300,1196,410,11,0],
[176,686,950,56,230,256,407,443,269,293,56,123,452,1086,452,332,56,176,176,728,476,213,1005,388,388,213,446,446,461,461,830,56,11,908,393,404,409,435,15,351,356,192,497,414,444,414,444,541,568,86,86,318,11,908,443,441,441,443,185,472,472,345,351,345,351,332,467,380,380,360,328,467,324,71,71,467,352,245,131,131,365,245,458,328,458,530,524,393,236,71,71,452,131,131,536,90,286,286,266,236,176,482,1243,0,333,303,656,341,450,450,215,387,215,387,390,390,542,461,452,11,300,1196,410,11,0],
[179,689,953,59,233,259,410,446,272,296,59,126,455,1089,455,335,59,179,179,731,479,216,1008,391,391,216,449,449,464,464,833,59,14,911,396,407,412,438,18,354,359,195,500,417,447,417,447,544,571,89,89,321,14,911,446,444,444,446,188,475,475,348,354,348,354,335,470,383,383,363,331,470,327,74,74,470,355,248,134,134,368,248,461,331,461,533,527,396,239,74,74,455,134,134,539,93,289,289,269,239,179,485,1246,3,336,306,659,344,453,453,218,390,218,390,393,393,545,464,455,14,303,1199,413,14,0],
[180,690,954,60,234,260,411,447,273,297,60,127,456,1090,456,336,60,180,180,732,480,217,1009,392,392,217,450,450,465,465,834,60,15,912,397,408,413,439,19,355,360,196,501,418,448,418,448,545,572,90,90,322,15,912,447,445,445,447,189,476,476,349,355,349,355,336,471,384,384,364,332,471,328,75,75,471,356,249,135,135,369,249,462,332,462,534,528,397,240,75,75,456,135,135,540,94,290,290,270,240,180,486,1247,4,337,307,660,345,454,454,219,391,219,391,394,394,546,465,456,15,304,1200,414,15,0],
[180,690,954,60,234,260,411,447,273,297,60,127,456,1090,456,336,60,180,180,732,480,217,1009,392,392,217,450,450,465,465,834,60,15,912,397,408,413,439,19,355,360,196,501,418,448,418,448,545,572,90,90,322,15,912,447,445,445,447,189,476,476,349,355,349,355,336,471,384,384,364,332,471,328,75,75,471,356,249,135,135,369,249,462,332,462,534,528,397,240,75,75,456,135,135,540,94,290,290,270,240,180,486,1247,4,337,307,660,345,454,454,219,391,219,391,394,394,546,465,456,15,304,1200,414,15,0],
[179,689,953,59,233,259,410,446,272,296,59,126,455,1089,455,335,59,179,179,731,479,216,1008,391,391,216,449,449,464,464,833,59,14,911,396,407,412,438,18,354,359,195,500,417,447,417,447,544,571,89,89,321,14,911,446,444,444,446,188,475,475,348,354,348,354,335,470,383,383,363,331,470,327,74,74,470,355,248,134,134,368,248,461,331,461,533,527,396,239,74,74,455,134,134,539,93,289,289,269,239,179,485,1246,3,336,306,659,344,453,453,218,390,218,390,393,393,545,464,455,14,303,1199,413,14,0],
[179,689,953,59,233,259,410,446,272,296,59,126,455,1089,455,335,59,179,179,731,479,216,1008,391,391,216,449,449,464,464,833,59,14,911,396,407,412,438,18,354,359,195,500,417,447,417,447,544,571,89,89,321,14,911,446,444,444,446,188,475,475,348,354,348,354,335,470,383,383,363,331,470,327,74,74,470,355,248,134,134,368,248,461,331,461,533,527,396,239,74,74,455,134,134,539,93,289,289,269,239,179,485,1246,3,336,306,659,344,453,453,218,390,218,390,393,393,545,464,455,14,303,1199,413,14,0],
[179,689,953,59,233,259,410,446,272,296,59,126,455,1089,455,335,59,179,179,731,479,216,1008,391,391,216,449,449,464,464,833,59,14,911,396,407,412,438,18,354,359,195,500,417,447,417,447,544,571,89,89,321,14,911,446,444,444,446,188,475,475,348,354,348,354,335,470,383,383,363,331,470,327,74,74,470,355,248,134,134,368,248,461,331,461,533,527,396,239,74,74,455,134,134,539,93,289,289,269,239,179,485,1246,3,336,306,659,344,453,453,218,390,218,390,393,393,545,464,455,14,303,1199,413,14,0]]
[[4e+10,6.4009,2.4649,4e+10,0.4356,4e+10,4e+10,0.1521,6.1504,4e+10,4e+10,1.9321,57.76,6.3001,3.3124,4e+10,4e+10,6.3001,4e+10,0.8836,0.3136,3.0976,4e+10,1.0201,8.5849,14.6689,4e+10,4e+10,2.1025,4e+10,4e+10,1.1025,4e+10,4e+10,9.9856,36.1201,6.1504,47.4721,6.6049,0.25,4e+10,4e+10,5.6169,0.3969,4e+10,0.0529,4e+10,4e+10,4e+10,7.2361,4e+10,87.9844,4e+10,2.0164,14.5924,4e+10,4e+10,4.0804,0.5776,4e+10,0.1296,4e+10,4e+10,1.2321,4e+10,0.4624,0.7921,4e+10,16.5649,4e+10,0.6724,0.0484,4e+10,4e+10,4e+10,4e+10,7.2361,2.3104,2.6244,4e+10,83.9056,110.67,4.3264,0.2116,4e+10,4e+10,4e+10,202.778,1,2.8224,3.1329,14.7456,40.4496,4e+10,14.3641,0.0009,0.9025,4e+10,0.0169,4e+10,1.9044,4e+10,129.96,3.9204,0.4096,4,13.3956,3.2761,41.7316,4e+10,4e+10,4e+10,0.5041,4e+10,5.3361,143.281,4e+10,4e+10,0.1296,9.3636,0.36,23.2324,0.1296,3.4596,2.0449],
[9,3.3489,0.7569,0.0625,0.0016,0.2916,3.3856,0.0961,3.1684,0.5476,3.9204,0.4761,47.61,3.2761,1.2544,5.29,0.1156,3.2761,6.3001,0.0576,0.0196,1.1236,211.994,0.0961,4.9729,9.7969,4e+10,4e+10,0.5625,0.0784,1.1236,0.1225,9.9856,0.1089,6.0516,28.1961,3.1684,38.3161,3.4969,0.04,0.3136,7.2361,2.7889,0.0049,56.7009,0.2209,1.6129,0.4624,4e+10,3.9601,5.29,75.3424,5.29,0.5184,9.7344,0.0529,5.29,1.7424,0.0036,0.09,0.1156,5.29,0.0676,0.1681,0.2401,0.0004,0.0361,2.1025,11.3569,0.16,0.0144,0.2304,9.5481,9.4249,4.7524,9.7344,3.9601,0.6724,0.8464,6.8644,71.5716,96.4324,1.9044,0.0576,5.29,11.0224,1.3689,183.332,0.09,0.9604,1.1449,9.8596,32.0356,72.7609,9.5481,0.4489,0.0625,0.5776,0.3249,14.2129,0.4624,0.3481,114.49,1.6384,0.0036,1.69,8.7616,1.2321,33.1776,5.29,39.0625,0.16,0.0001,131.561,2.5921,127.013,76.5625,1.7956,0.1156,5.5696,0.01,16.9744,0.1156,1.3456,0.5329],
[13.69,6.4009,2.4649,0.2025,0.4356,1.5376,6.4516,0.1521,6.1504,2.0736,7.1824,1.9321,57.76,6.3001,3.3124,0,0.1296,6.3001,10.3041,0.8836,0.3136,3.0976,232.868,1.0201,8.5849,14.6689,0.8464,0,2.1025,0.9604,3.0976,1.1025,14.8996,0.1369,9.9856,36.1201,6.1504,47.4721,6.6049,0.25,1.5876,11.4921,5.6169,0.3969,0,0.0529,3.8809,1.9044,5.6169,7.2361,0,87.9844,0,2.0164,14.5924,0.8649,0,4.0804,0.5776,1,0.1296,0,0.1936,1.2321,1.4161,0.4624,0.7921,4.6225,16.5649,1.21,0.6724,0.0484,4e+10,14.2129,8.2944,14.5924,7.2361,2.3104,2.6244,11.0224,83.9056,110.67,4.3264,0.2116,0,16.1604,3.4969,202.778,1,2.8224,3.1329,14.7456,40.4496,85.1929,14.3641,0.0009,0.9025,2.1316,0.0169,19.9809,1.9044,0.0121,129.96,3.9204,0.4096,4,4e+10,3.2761,41.7316,4e+10,48.3025,1.21,0.5041,148.109,5.3361,143.281,0,4.1616,4e+10,9.3636,0.36,23.2324,0.1296,3.4596,2.0449],
[13.69,6.4009,2.4649,0.2025,0.4356,1.5376,6.4516,0.1521,6.1504,2.0736,7.1824,1.9321,57.76,6.3001,3.3124,4,0.1296,6.3001,4,4e+10,0.3136,3.0976,232.868,1.0201,8.5849,14.6689,0.8464,4,4e+10,0.9604,3.0976,1.1025,14.8996,0.1369,9.9856,36.1201,6.1504,47.4721,6.6049,0.25,1.5876,11.4921,4e+10,0.3969,4,0.0529,4,4,5.6169,7.2361,4,87.9844,4,2.0164,14.5924,0.8649,4,4.0804,0.5776,1,0.1296,4,0.1936,1.2321,1.4161,0.4624,0.7921,4,16.5649,1.21,0.6724,0.0484,4e+10,14.2129,8.2944,14.5924,7.2361,2.3104,2.6244,11.0224,83.9056,110.67,4.3264,0.2116,4,16.1604,4,202.778,1,2.8224,3.1329,14.7456,40.4496,85.1929,14.3641,0.0009,0.9025,2.1316,0.0169,19.9809,1.9044,4,129.96,3.9204,0.4096,4,13.3956,3.2761,41.7316,4,48.3025,1.21,0.5041,4,5.3361,143.281,4,4.1616,0.1296,9.3636,0.36,23.2324,0.1296,3.4596,2.0449],
[7.84,2.6569,0.4489,0.2025,0.0576,0.1156,2.6896,0.2601,2.4964,0.2916,3.1684,0.2401,44.89,2.5921,0.8464,4e+10,0.2916,2.5921,0.01,0.0016,0.1156,0.7396,206.21,0.0121,4.1209,8.5849,0.0004,0.01,0.3025,0.0064,0.7396,0.0225,8.7616,0.2809,5.1076,26.1121,2.4964,35.8801,2.7889,0.16,0.1296,6.2001,2.1609,0.0729,0.01,4e+10,0.01,0.01,2.1609,3.2041,0.01,71.9104,0.01,0.2704,8.5264,0.0009,0.01,1.2544,0.0196,0.01,0.2916,0.01,4e+10,0.0441,0.0841,0.0484,0.0001,0.01,10.0489,0.04,0.0064,0.4624,8.3521,0.01,0.01,8.5264,3.2041,0.3844,0.5184,5.8564,68.2276,92.5444,1.3924,0.1936,0.01,9.7344,0.01,177.956,4e+10,0.6084,4e+10,8.6436,29.8116,69.3889,8.3521,0.7569,0.0025,0.3136,0.5929,12.7449,0.2304,0.01,110.25,1.1664,4e+10,1.21,7.6176,0.8281,30.9136,0.01,36.6025,0.01,0.0361,0.01,1.9881,122.545,0.01,0.01,0.2916,4.6656,0.09,15.3664,0.2916,0.9216,4e+10],
[9,3.3489,0.7569,0.0625,0.0016,0.2916,3.3856,0.0961,3.1684,0.5476,3.9204,0.4761,47.61,3.2761,1.2544,0.49,0.1156,3.2761,0.49,0.0576,0.0196,1.1236,0.49,0.0961,4.9729,4e+10,0.0484,0.49,0.5625,0.49,0.49,0.1225,0.49,0.1089,6.0516,28.1961,3.1684,38.3161,3.4969,0.04,0.3136,0.49,2.7889,0.0049,0.49,0.2209,0.49,4e+10,0.49,3.9601,0.49,75.3424,0.49,0.5184,9.7344,0.0529,0.49,1.7424,0.0036,4e+10,0.1156,0.49,4e+10,0.1681,0.2401,0.0004,0.0361,0.49,11.3569,0.16,0.0144,0.2304,9.5481,0.49,0.49,9.7344,4e+10,0.6724,0.8464,6.8644,4e+10,96.4324,1.9044,0.0576,0.49,11.0224,0.49,183.332,0.09,0.9604,1.1449,4e+10,32.0356,0.49,9.5481,0.4489,4e+10,0.49,0.3249,14.2129,0.4624,0.49,114.49,1.6384,0.0036,1.69,8.7616,1.2321,33.1776,0.49,39.0625,0.49,0.0001,4e+10,2.5921,127.013,0.49,0.49,0.1156,5.5696,0.01,16.9744,4e+10,1.3456,0.5329],
[9.61,3.7249,4e+10,0.0225,0.0036,0.4096,3.7636,0.0441,3.5344,0.7056,4.3264,0.6241,49,3.6481,1.4884,5.76,0.0576,3.6481,5.76,0.1156,0.0016,1.3456,5.76,0.1681,4e+10,10.4329,5.76,5.76,0.7225,5.76,5.76,0.2025,5.76,0.0529,6.5536,29.2681,3.5344,39.5641,3.8809,0.01,5.76,5.76,3.1329,0.0009,5.76,0.1369,5.76,5.76,5.76,4.3681,5.76,77.0884,5.76,0.6724,10.3684,0.1089,5.76,2.0164,0.0256,5.76,0.0576,5.76,5.76,0.2601,5.76,0.0064,0.0841,5.76,12.0409,0.25,0.0484,0.1444,5.76,5.76,5.76,10.3684,4.3681,0.8464,4e+10,5.76,73.2736,98.4064,2.1904,0.0196,5.76,11.6964,5.76,186.05,0.16,1.1664,1.3689,10.4976,33.1776,5.76,10.1761,0.3249,0.1225,5.76,0.2209,14.9769,0.6084,5.76,116.64,1.9044,0.0016,1.96,9.3636,1.4641,34.3396,5.76,5.76,5.76,4e+10,5.76,2.9241,129.277,5.76,5.76,0.0576,6.0516,0,17.8084,0.0576,1.5876,0.6889],
[10.89,4.5369,1.3689,12.96,0.0676,0.7056,4.5796,0.0001,4.3264,4e+10,5.1984,0.9801,51.84,4.4521,2.0164,12.96,0.0016,4.4521,12.96,0.2916,0.0256,1.8496,12.96,0.3721,6.4009,11.7649,12.96,12.96,1.1025,12.96,12.96,0.4225,12.96,0.0009,7.6176,31.4721,4.3264,42.1201,4.7089,0.01,12.96,12.96,3.8809,0.0529,12.96,0.0289,12.96,12.96,12.96,5.2441,12.96,80.6404,12.96,1.0404,11.6964,0.2809,12.96,2.6244,4e+10,12.96,0.0016,12.96,12.96,0.5041,12.96,0.0784,0.2401,12.96,13.4689,0.49,0.1764,0.0324,12.96,12.96,12.96,11.6964,5.2441,1.2544,1.4884,12.96,76.7376,102.414,2.8224,0.0036,12.96,13.1044,12.96,191.546,0.36,1.6384,1.8769,11.8336,35.5216,12.96,11.4921,0.1369,0.3025,12.96,0.0729,16.5649,0.9604,12.96,121,4e+10,0.0576,2.56,10.6276,1.9881,36.7236,12.96,12.96,12.96,0.0961,12.96,4e+10,133.865,12.96,12.96,0.0016,7.0756,0.04,19.5364,0.0016,2.1316,1.0609],
[0.36,4.5369,1.3689,0.36,0.0676,0.36,0.36,0.0001,4.3264,1.0816,0.36,0.9801,51.84,4.4521,2.0164,0.36,0.0016,4.4521,0.36,0.2916,0.0256,1.8496,0.36,0.3721,4e+10,11.7649,0.36,0.36,1.1025,0.36,0.36,0.4225,0.36,0.36,7.6176,31.4721,4.3264,42.1201,4.7089,0.01,0.36,0.36,3.8809,0.0529,0.36,0.0289,0.36,0.36,0.36,5.2441,0.36,80.6404,0.36,1.0404,11.6964,0.2809,0.36,2.6244,0.1296,0.36,0.0016,0.36,0.36,0.5041,0.36,0.0784,0.2401,0.36,13.4689,0.36,0.1764,0.0324,0.36,0.36,0.36,11.6964,5.2441,1.2544,4e+10,0.36,76.7376,102.414,2.8224,0.0036,0.36,0.36,0.36,191.546,0.36,1.6384,1.8769,11.8336,35.5216,0.36,11.4921,0.1369,0.3025,0.36,4e+10,16.5649,0.9604,0.36,121,2.4964,0.0576,2.56,10.6276,1.9881,36.7236,0.36,0.36,0.36,0.0961,0.36,3.6481,133.865,0.36,0.36,0.0016,7.0756,0.04,19.5364,0.0016,2.1316,1.0609],
[5.76,3.7249,0.9409,5.76,0.0036,5.76,5.76,0.0441,3.5344,5.76,5.76,0.6241,49,3.6481,1.4884,5.76,5.76,3.6481,5.76,0.1156,0.0016,1.3456,5.76,0.1681,5.4289,10.4329,4e+10,5.76,0.7225,5.76,5.76,0.2025,5.76,5.76,6.5536,29.2681,3.5344,39.5641,3.8809,0.01,5.76,5.76,3.1329,0.0009,5.76,4e+10,5.76,5.76,5.76,4.3681,5.76,77.0884,5.76,0.6724,10.3684,5.76,5.76,2.0164,0.0256,5.76,0.0576,5.76,5.76,0.2601,5.76,0.0064,0.0841,4e+10,12.0409,5.76,0.0484,4e+10,5.76,5.76,5.76,5.76,4.3681,0.8464,1.0404,5.76,73.2736,98.4064,2.1904,0.0196,5.76,5.76,5.76,186.05,0.16,1.1664,1.3689,10.4976,33.1776,5.76,10.1761,0.3249,0.1225,5.76,0.2209,5.76,0.6084,5.76,116.64,1.9044,0.0016,4e+10,9.3636,1.4641,4e+10,5.76,5.76,5.76,0.0121,5.76,4e+10,129.277,5.76,5.76,0.0576,6.0516,0,17.8084,0.0576,1.5876,0.6889]]
1,2
2,3
3,4
3,7
4,5
4,6
5,9
6,10
7,9
7,10
8,11
9,13
9,14
10,14
10,15
11,12
12,14
13,17
13,19
14,16
14,95
15,17
15,18
16,31
17,20
18,20
19,20
20,21
20,22
20,23
20,24
20,25
20,26
20,39
20,52
21,22
21,23
21,24
21,25
21,26
22,27
22,28
23,27
23,28
24,27
24,28
25,27
25,28
26,27
26,28
27,29
27,32
28,30
28,32
29,33
30,53
31,35
31,37
32,125
33,34
34,56
34,66
34,67
35,36
36,39
37,38
38,39
39,40
39,41
39,42
39,92
40,43
40,44
40,45
41,46
41,47
41,48
42,49
42,50
42,51
43,52
44,52
45,52
46,52
47,52
48,52
49,52
50,52
51,52
52,96
53,54
54,55
54,70
54,71
55,58
56,57
57,59
58,59
59,60
59,61
60,62
61,64
62,63
63,68
64,65
65,69
66,76
66,77
67,76
67,77
68,75
69,74
70,72
70,73
71,72
71,73
72,82
73,81
74,80
75,79
76,78
77,86
78,85
78,86
79,85
79,86
80,83
80,84
81,84
82,83
82,88
83,91
84,88
85,90
86,87
87,90
88,89
89,91
90,93
90,94
91,93
91,94
92,120
92,124
93,123
94,123
95,125
96,97
96,98
96,99
96,100
96,101
97,102
98,102
99,102
100,102
101,102
102,103
103,104
104,105
104,106
105,107
105,108
105,109
105,110
105,111
105,112
105,113
105,114
105,115
105,116
106,107
106,108
106,109
106,110
106,111
106,112
106,113
106,114
106,115
106,116
107,117
107,118
107,119
108,117
108,118
108,119
109,117
109,118
109,119
110,117
110,118
110,119
111,117
111,118
111,119
112,117
112,118
112,119
113,117
113,118
113,119
114,117
114,118
114,119
115,117
115,118
115,119
116,117
116,118
116,119
117,122
118,121
119,123
120,123
121,122
122,123
123,125
124,125
-1,-1