15000
10
125
15
[[180,690,954,60,234,260,411,447,273,297,60,127,456,1090,456,336,60,180,180,732,480,217,1009,392,392,217,450,450,465,465,834,60,15,912,397,408,413,439,19,355,360,196,501,418,448,418,448,545,572,90,90,322,15,912,447,445,445,447,189,476,476,349,355,349,355,336,471,384,384,364,332,471,328,75,75,471,356,249,135,135,369,249,462,332,462,534,528,397,240,75,75,456,135,135,540,94,290,290,270,240,180,486,1247,4,337,307,660,345,454,454,219,391,219,391,394,394,546,465,456,15,304,1200,414,15,0],
[177,687,951,57,231,257,408,444,270,294,57,124,453,1087,453,333,57,177,177,729,477,214,1006,389,389,214,447,447,462,462,831,57,12,909,394,405,410,436,16,352,357,193,498,415,445,415,445,542,569,87,87,319,12,909,444,442,442,444,186,473,473,346,352,346,352,333,468,381,381,361,329,468,325,72,72,468,353,246,132,132,366,246,459,329,459,531,525,394,237,72,72,453,132,132,537,91,287,287,267,237,177,483,1244,1,334,304,657,342,451,451,216,388,216,388,391,391,543,462,453,12,301,1197,411,12,0],
[180,690,954,60,234,260,411,447,273,297,60,127,456,1090,456,336,60,180,180,732,480,217,1009,392,392,217,450,450,465,465,834,60,15,912,397,408,413,439,19,355,360,196,501,418,448,418,448,545,572,90,90,322,15,912,447,445,445,447,189,476,476,349,355,349,355,336,471,384,384,364,332,471,328,75,75,471,356,249,135,135,369,249,462,332,462,534,528,397,240,75,75,456,135,135,540,94,290,290,270,240,180,486,1247,4,337,307,660,345,454,454,219,391,219,391,394,394,546,465,456,15,304,1200,414,15,0],
[178,688,952,58,232,258,409,445,271,295,58,125,454,1088,454,334,58,178,178,730,478,215,1007,390,390,215,448,448,463,463,832,58,13,910,395,406,411,437,17,353,358,194,499,416,446,416,446,543,570,88,88,320,13,910,445,443,443,445,187,474,474,347,353,347,353,334,469,382,382,362,330,469,326,73,73,469,354,247,133,133,367,247,460,330,460,532,526,395,238,73,73,454,133,133,538,92,288,288,268,238,178,484,1245,2,335,305,658,343,452,452,217,389,217,389,392,392,544,463,454,13,302,1198,412,13,0],
[177,687,951,57,231,257,408,444,270,294,57,124,453,1087,453,333,57,177,177,729,477,214,1006,389,389,214,447,447,462,462,831,57,12,909,394,405,410,436,16,352,357,193,498,415,445,415,445,542,569,87,87,319,12,909,444,442,442,444,186,473,473,346,352,346,352,333,468,381,381,361,329,468,325,72,72,468,353,246,132,132,366,246,459,329,459,531,525,394,237,72,72,453,132,132,537,91,287,287,267,237,177,483,1244,1,334,304,657,342,451,451,216,388,216,388,391,391,543,462,453,12,301,1197,411,12,0],
[178,688,952,58,232,258,409,445,271,295,58,125,454,1088,454,334,58,178,178,730,478,215,1007,390,390,215,448,448,463,463,832,58,13,910,395,406,411,437,17,353,358,194,499,416,446,416,446,543,570,88,88,320,13,910,445,443,443,445,187,474,474,347,353,347,353,334,469,382,382,362,330,469,326,73,73,469,354,247,133,133,367,247,460,330,460,532,526,395,238,73,73,454,133,133,538,92,288,288,268,238,178,484,1245,2,335,305,658,343,452,452,217,389,217,389,392,392,544,463,454,13,302,1198,412,13,0],
[177,687,951,57,231,257,408,444,270,294,57,124,453,1087,453,333,57,177,177,729,477,214,1006,389,389,214,447,447,462,462,831,57,12,909,394,405,410,436,16,352,357,193,498,415,445,415,445,542,569,87,87,319,12,909,444,442,442,444,186,473,473,346,352,346,352,333,468,381,381,361,329,468,325,72,72,468,353,246,132,132,366,246,459,329,459,531,525,394,237,72,72,453,132,132,537,91,287,287,267,237,177,483,1244,1,334,304,657,342,451,451,216,388,216,388,391,391,543,462,453,12,301,1197,411,12,0],
[176,686,950,56,230,256,407,443,269,293,56,123,452,1086,452,332,56,176,176,728,476,213,1005,388,388,213,446,446,461,461,830,56,11,908,393,404,409,435,15,351,356,192,497,414,444,414,444,541,568,86,86,318,11,908,443,441,441,443,185,472,472,345,351,345,351,332,467,380,380,360,328,467,324,71,71,467,352,245,131,131,365,245,458,328,458,530,524,393,236,71,71,452,131,131,536,90,286,286,266,236,176,482,1243,0,333,303,656,341,450,450,215,387,215,387,390,390,542,461,452,11,300,1196,410,11,0],
[177,687,951,57,231,257,408,444,270,294,57,124,453,1087,453,333,57,177,177,729,477,214,1006,389,389,214,447,447,462,462,831,57,12,909,394,405,410,436,16,352,357,193,498,415,445,415,445,542,569,87,87,319,12,909,444,442,442,444,186,473,473,346,352,346,352,333,468,381,381,361,329,468,325,72,72,468,353,246,132,132,366,246,459,329,459,531,525,394,237,72,72,453,132,132,537,91,287,287,267,237,177,483,1244,1,334,304,657,342,451,451,216,388,216,388,391,391,543,462,453,12,301,1197,411,12,0],
[176,686,950,56,230,256,407,443,269,293,56,123,452,1086,452,332,56,176,176,728,476,213,1005,388,388,213,446,446,461,461,830,56,11,908,393,404,409,435,15,351,356,192,497,414,444,414,444,541,568,86,86,318,11,908,443,441,441,443,185,472,472,345,351,345,351,332,467,380,380,360,328,467,324,71,71,467,352,245,131,131,365,245,458,328,458,530,524,393,236,71,71,452,131,131,536,90,286,286,266,236,176,482,1243,0,333,303,656,341,450,450,215,387,215,387,390,390,542,461,452,11,300,1196,410,11,0],
[177,687,951,57,231,257,408,444,270,294,57,124,453,1087,453,333,57,177,177,729,477,214,1006,389,389,214,447,447,462,462,831,57,12,909,394,405,410,436,16,352,357,193,498,415,445,415,445,542,569,87,87,319,12,909,444,442,442,444,186,473,473,346,352,346,352,333,468,381,381,361,329,468,325,72,72,468,353,246,132,132,366,246,459,329,459,531,525,394,237,72,72,453,132,132,537,91,287,287,267,237,177,483,1244,1,334,304,657,342,451,451,216,388,216,388,391,391,543,462,453,12,301,1197,411,12,0],
[178,688,952,58,232,258,409,445,271,295,58,125,454,1088,454,334,58,178,178,730,478,215,1007,390,390,215,448,448,463,463,832,58,13,910,395,406,411,437,17,353,358,194,499,416,446,416,446,543,570,88,88,320,13,910,445,443,443,445,187,474,474,347,353,347,353,334,469,382,382,362,330,469,326,73,73,469,354,247,133,133,367,247,460,330,460,532,526,395,238,73,73,454,133,133,538,92,288,288,268,238,178,484,1245,2,335,305,658,343,452,452,217,389,217,389,392,392,544,463,454,13,302,1198,412,13,0],
[176,686,950,56,230,256,407,443,269,293,56,123,452,1086,452,332,56,176,176,728,476,213,1005,388,388,213,446,446,461,461,830,56,11,908,393,404,409,435,15,351,356,192,497,414,444,414,444,541,568,86,86,318,11,908,443,441,441,443,185,472,472,345,351,345,351,332,467,380,380,360,328,467,324,71,71,467,352,245,131,131,365,245,458,328,458,530,524,393,236,71,71,452,131,131,536,90,286,286,266,236,176,482,1243,0,333,303,656,341,450,450,215,387,215,387,390,390,542,461,452,11,300,1196,410,11,0],
[180,690,954,60,234,260,411,447,273,297,60,127,456,1090,456,336,60,180,180,732,480,217,1009,392,392,217,450,450,465,465,834,60,15,912,397,408,413,439,19,355,360,196,501,418,448,418,448,545,572,90,90,322,15,912,447,445,445,447,189,476,476,349,355,349,355,336,471,384,384,364,332,471,328,75,75,471,356,249,135,135,369,249,462,332,462,534,528,397,240,75,75,456,135,135,540,94,290,290,270,240,180,486,1247,4,337,307,660,345,454,454,219,391,219,391,394,394,546,465,456,15,304,1200,414,15,0],
[178,688,952,58,232,258,409,445,271,295,58,125,454,1088,454,334,58,178,178,730,478,215,1007,390,390,215,448,448,463,463,832,58,13,910,395,406,411,437,17,353,358,194,499,416,446,416,446,543,570,88,88,320,13,910,445,443,443,445,187,474,474,347,353,347,353,334,469,382,382,362,330,469,326,73,73,469,354,247,133,133,367,247,460,330,460,532,526,395,238,73,73,454,133,133,538,92,288,288,268,238,178,484,1245,2,335,305,658,343,452,452,217,389,217,389,392,392,544,463,454,13,302,1198,412,13,0]]
[[13.69,6.4009,4e+10,0.2025,4e+10,1.5376,4e+10,0.1521,4e+10,2.0736,7.1824,1.9321,57.76,6.3001,4e+10,6.0516,0.1296,6.3001,4e+10,0.8836,4e+10,4e+10,4e+10,1.0201,8.5849,4e+10,4e+10,1.2769,4e+10,4e+10,4e+10,1.1025,14.8996,0.1369,4e+10,36.1201,6.1504,4e+10,4e+10,0.25,1.5876,11.4921,4e+10,0.3969,67.7329,4e+10,3.8809,4e+10,5.6169,4e+10,0.0625,87.9844,4.7089,2.0164,14.5924,0.8649,4e+10,4.0804,0.5776,4e+10,4e+10,35.5216,0.1936,4e+10,1.4161,4e+10,4e+10,4.6225,16.5649,4e+10,0.6724,0.0484,4e+10,14.2129,4e+10,14.5924,7.2361,2.3104,2.6244,11.0224,83.9056,110.67,4.3264,4e+10,4e+10,16.1604,3.4969,202.778,4e+10,4e+10,3.1329,14.7456,4e+10,85.1929,14.3641,4e+10,4e+10,2.1316,0.0169,19.9809,4e+10,4e+10,4e+10,3.9204,0.4096,4,4e+10,3.2761,4e+10,4e+10,48.3025,4e+10,0.5041,148.109,5.3361,4e+10,4e+10,4e+10,4e+10,9.3636,0.36,4e+10,4e+10,3.4596,2.0449],
[10.24,4.1209,1.1449,0.0025,0.0256,0.5476,4.1616,0.0121,12.25,0.8836,4.7524,0.7921,50.41,4.0401,1.7424,3.8416,0.0196,4.0401,7.3441,0.1936,0.0036,12.25,217.858,0.2601,5.9049,12.25,0.1764,0.3969,0.9025,0.2304,1.5876,0.3025,11.2896,0.0169,7.0756,30.3601,3.9204,40.8321,12.25,0,0.5776,8.3521,3.4969,0.0169,59.7529,0.0729,2.1609,0.7744,3.4969,4.7961,0.0625,78.8544,2.7889,4e+10,11.0224,0.1849,0.0169,2.3104,0.0676,0.25,0.0196,29.8116,0.0036,0.3721,0.4761,0.0324,0.1521,2.7225,12.7449,0.36,0.1024,0.0784,10.8241,10.6929,5.6644,11.0224,4e+10,1.0404,1.2544,7.9524,74.9956,100.4,2.4964,0.0016,4.4944,12.3904,1.8769,188.788,0.25,1.3924,1.6129,11.1556,34.3396,76.2129,10.8241,0.2209,0.2025,0.9216,0.1369,15.7609,0.7744,0.1521,118.81,2.1904,0.0196,2.25,9.9856,1.7161,35.5216,24.2064,41.6025,0.36,0.0441,136.189,3.2761,131.561,4e+10,2.3716,0.0196,6.5536,0.01,18.6624,0.0196,1.8496,0.8649],
[9.61,3.7249,0.16,0.0225,0.0036,0.4096,0.16,0.0441,0.16,0.7056,4.3264,0.6241,49,3.6481,1.4884,3.4596,0.0576,3.6481,6.8121,0.1156,0.16,0.16,214.916,4e+10,5.4289,4e+10,0.1024,0.2809,0.7225,0.1444,0.16,0.2025,10.6276,0.0529,6.5536,29.2681,3.5344,39.5641,0.16,0.01,0.4356,7.7841,3.1329,0.0009,58.2169,0.1369,1.8769,0.6084,3.1329,4.3681,0.1225,77.0884,2.4649,0.6724,10.3684,0.1089,0.0529,2.0164,0.0256,4e+10,0.0576,28.7296,0.0256,0.2601,0.3481,0.0064,0.0841,2.4025,12.0409,0.16,4e+10,0.1444,10.1761,10.0489,5.1984,10.3684,4.3681,0.8464,1.0404,7.3984,73.2736,98.4064,2.1904,0.0196,4.0804,11.6964,1.6129,186.05,0.16,1.1664,1.3689,10.4976,33.1776,74.4769,10.1761,0.3249,0.1225,0.7396,0.2209,14.9769,0.16,0.2401,116.64,1.9044,4e+10,1.96,9.3636,1.4641,34.3396,23.2324,40.3225,0.25,0.0121,133.865,2.9241,129.277,78.3225,2.0736,0.0576,6.0516,0,17.8084,4e+10,1.5876,0.6889],
[10.89,4.5369,6.76,4e+10,0.0676,0.7056,6.76,0.0001,6.76,1.0816,5.1984,0.9801,51.84,4.4521,2.0164,4e+10,0.0016,4.4521,7.8961,0.2916,6.76,6.76,220.82,0.3721,6.4009,6.76,0.2704,0.5329,1.1025,0.3364,6.76,0.4225,11.9716,0.0009,7.6176,31.4721,4.3264,42.1201,6.76,0.01,0.7396,8.9401,3.8809,0.0529,61.3089,4e+10,2.4649,0.9604,3.8809,5.2441,0.0225,80.6404,3.1329,1.0404,11.6964,0.2809,0.0009,2.6244,0.1296,0.36,0.0016,30.9136,4e+10,0.5041,0.6241,0.0784,0.2401,3.0625,13.4689,6.76,0.1764,0.0324,4e+10,11.3569,6.1504,11.6964,5.2441,1.2544,1.4884,8.5264,76.7376,102.414,2.8224,0.0036,6.76,13.1044,2.1609,191.546,0.36,6.76,1.8769,11.8336,35.5216,77.9689,11.4921,0.1369,0.3025,1.1236,0.0729,16.5649,6.76,0.0841,121,2.4964,0.0576,2.56,10.6276,1.9881,36.7236,25.2004,42.9025,6.76,4e+10,4e+10,3.6481,133.865,81.9025,2.6896,0.0016,7.0756,0.04,19.5364,0.0016,2.1316,1.0609],
[13.69,6.4009,0,0.2025,0.4356,1.5376,0,0.1521,0,2.0736,7.1824,1.9321,4e+10,6.3001,0,6.0516,0.1296,6.3001,10.3041,0.8836,0,0,232.868,1.0201,8.5849,0,0.8464,1.2769,0,0.9604,0,1.1025,14.8996,4e+10,9.9856,36.1201,6.1504,47.4721,0,0.25,1.5876,4e+10,5.6169,4e+10,67.7329,0,3.8809,1.9044,5.6169,7.2361,0.0625,87.9844,4.7089,2.0164,14.5924,0.8649,0.1369,4.0804,0.5776,1,0.1296,35.5216,0.1936,1.2321,1.4161,0.4624,0.7921,4.6225,16.5649,0,0.6724,0.0484,4e+10,14.2129,8.2944,14.5924,7.2361,2.3104,2.6244,11.0224,83.9056,110.67,4.3264,0.2116,0,16.1604,3.4969,202.778,1,0,3.1329,14.7456,0,4e+10,4e+10,0.0009,0.9025,2.1316,0.0169,19.9809,0,0.0121,129.96,3.9204,0.4096,4,13.3956,3.2761,0,29.3764,48.3025,0,0.5041,148.109,5.3361,143.281,89.3025,4.1616,0.1296,9.3636,0.36,23.2324,0.1296,3.4596,2.0449],
[9.61,3.7249,0.36,0.0225,0.0036,0.4096,0.36,0.0441,0.36,0.7056,4e+10,0.6241,49,3.6481,0.36,3.4596,0.0576,3.6481,6.8121,0.1156,0.36,0.36,214.916,0.1681,5.4289,0.36,0.1024,0.2809,0.36,0.36,0.36,0.2025,10.6276,0.0529,6.5536,29.2681,3.5344,39.5641,0.36,0.01,0.4356,4e+10,3.1329,0.0009,58.2169,0.36,1.8769,0.6084,4e+10,4.3681,0.1225,77.0884,2.4649,0.6724,10.3684,0.1089,0.0529,2.0164,0.0256,0.16,0.0576,28.7296,0.0256,0.2601,0.3481,0.0064,0.0841,2.4025,12.0409,0.36,0.0484,0.1444,0.36,10.0489,5.1984,10.3684,4.3681,0.8464,1.0404,7.3984,73.2736,98.4064,2.1904,0.0196,0.36,11.6964,1.6129,186.05,0.16,0.36,1.3689,10.4976,0.36,74.4769,10.1761,4e+10,0.1225,0.7396,0.2209,14.9769,0.36,0.2401,116.64,1.9044,0.0016,1.96,9.3636,1.4641,4e+10,23.2324,40.3225,0.36,0.0121,133.865,2.9241,129.277,78.3225,2.0736,0.0576,4e+10,0,17.8084,0.36,1.5876,0.6889],
[12.96,5.9049,0.81,0.1225,0.81,1.2996,0.81,0.0841,0.81,1.7956,6.6564,1.6641,56.25,5.8081,0.81,5.5696,0.0676,5.8081,9.6721,0.7056,0.81,0.81,229.826,0.8281,8.0089,0.81,0.6724,1.0609,0.81,0.81,0.81,0.9025,14.1376,0.0729,9.3636,34.9281,5.6644,46.1041,0.81,0.16,1.3456,10.8241,5.1529,0.2809,66.0969,0.81,3.4969,1.6384,5.1529,6.7081,0.0225,86.1184,4.2849,1.7424,13.8384,0.6889,0.0729,3.6864,0.4356,0.81,0.0676,34.3396,0.1156,1.0201,1.1881,0.3364,0.6241,4.2025,15.7609,0.81,0.5184,0.0144,0.81,13.4689,7.7284,13.8384,6.7081,2.0164,2.3104,10.3684,82.0836,108.576,3.9204,0.81,0.81,15.3664,3.1329,199.94,0.81,0.81,2.7889,13.9876,0.81,83.3569,13.6161,0.0049,0.81,1.8496,0.0009,19.0969,0.81,0.0001,127.69,3.5344,4e+10,3.61,12.6736,2.9241,0.81,28.3024,46.9225,0.81,0.3721,145.685,4.8841,140.897,0.81,3.7636,0.0676,8.7616,0.25,0.81,0.81,3.0976,1.7689],
[10.24,4.1209,12.25,0.0025,12.25,0.5476,12.25,0.0121,4e+10,0.8836,4.7524,0.7921,50.41,4.0401,12.25,3.8416,0.0196,4.0401,7.3441,4e+10,12.25,12.25,217.858,0.2601,5.9049,12.25,0.1764,0.3969,12.25,12.25,12.25,0.3025,11.2896,0.0169,7.0756,30.3601,3.9204,4e+10,12.25,0,0.5776,8.3521,3.4969,0.0169,59.7529,12.25,2.1609,0.7744,3.4969,4.7961,0.0625,78.8544,2.7889,0.8464,11.0224,0.1849,0.0169,2.3104,0.0676,12.25,0.0196,29.8116,0.0036,0.3721,0.4761,12.25,0.1521,2.7225,12.7449,12.25,0.1024,0.0784,12.25,10.6929,5.6644,11.0224,4.7961,1.0404,1.2544,7.9524,74.9956,100.4,2.4964,12.25,12.25,12.3904,1.8769,188.788,12.25,12.25,1.6129,11.1556,12.25,76.2129,10.8241,4e+10,12.25,0.9216,0.1369,15.7609,12.25,12.25,118.81,2.1904,0.0196,2.25,9.9856,1.7161,12.25,24.2064,41.6025,12.25,0.0441,136.189,3.2761,131.561,12.25,2.3716,0.0196,6.5536,0.01,12.25,12.25,1.8496,0.8649],
[7.84,2.6569,9.61,0.2025,9.61,0.1156,9.61,0.2601,9.61,0.2916,3.1684,0.2401,44.89,2.5921,9.61,2.4336,0.2916,4e+10,5.3361,0.0016,9.61,9.61,206.21,0.0121,4.1209,9.61,0.0004,0.0529,9.61,9.61,9.61,0.0225,8.7616,0.2809,5.1076,26.1121,4e+10,9.61,9.61,0.16,0.1296,6.2001,2.1609,0.0729,53.7289,9.61,1.1449,0.2304,2.1609,4e+10,0.4225,71.9104,1.6129,0.2704,8.5264,0.0009,0.2809,1.2544,0.0196,9.61,0.2916,25.6036,0.2116,0.0441,0.0841,9.61,0.0001,1.5625,10.0489,9.61,0.0064,0.4624,9.61,8.2369,3.9204,8.5264,3.2041,0.3844,0.5184,5.8564,68.2276,92.5444,1.3924,9.61,9.61,9.7344,0.9409,177.956,9.61,9.61,0.7569,8.6436,9.61,69.3889,8.3521,9.61,9.61,0.3136,0.5929,12.7449,9.61,9.61,110.25,1.1664,0.0676,1.21,9.61,0.8281,4e+10,20.4304,36.6025,9.61,0.0361,127.013,1.9881,9.61,9.61,1.2996,0.2916,4.6656,0.09,9.61,9.61,0.9216,0.2809],
[12.96,4e+10,8.41,0.1225,8.41,4e+10,4e+10,0.0841,8.41,1.7956,6.6564,4e+10,4e+10,5.8081,8.41,5.5696,0.0676,5.8081,9.6721,0.7056,8.41,8.41,229.826,0.8281,8.0089,8.41,0.6724,1.0609,8.41,8.41,8.41,0.9025,14.1376,0.0729,9.3636,34.9281,5.6644,8.41,8.41,0.16,1.3456,10.8241,5.1529,0.2809,66.0969,8.41,3.4969,1.6384,5.1529,6.7081,0.0225,86.1184,4.2849,1.7424,13.8384,0.6889,0.0729,3.6864,0.4356,8.41,0.0676,34.3396,0.1156,8.41,1.1881,8.41,0.6241,4.2025,15.7609,8.41,0.5184,0.0144,8.41,13.4689,7.7284,13.8384,6.7081,2.0164,2.3104,4e+10,82.0836,108.576,3.9204,8.41,8.41,15.3664,3.1329,199.94,8.41,8.41,2.7889,13.9876,4e+10,83.3569,13.6161,8.41,8.41,1.8496,0.0009,19.0969,8.41,8.41,127.69,3.5344,0.2916,3.61,8.41,2.9241,8.41,28.3024,46.9225,8.41,0.3721,145.685,4.8841,8.41,8.41,3.7636,0.0676,8.7616,0.25,8.41,8.41,3.0976,1.7689],
[9.61,3.7249,0.16,0.0225,0.16,0.4096,0.16,0.0441,0.16,0.7056,4.3264,0.6241,49,3.6481,0.16,3.4596,0.0576,3.6481,6.8121,0.1156,0.16,0.16,0.16,0.1681,4e+10,0.16,0.1024,0.2809,0.16,0.16,0.16,4e+10,10.6276,0.0529,6.5536,29.2681,3.5344,0.16,0.16,0.01,0.4356,7.7841,3.1329,0.0009,58.2169,0.16,1.8769,0.6084,3.1329,0.16,0.1225,77.0884,2.4649,0.6724,10.3684,0.1089,0.0529,2.0164,0.0256,0.16,0.0576,28.7296,0.0256,0.16,0.3481,0.16,4e+10,2.4025,12.0409,0.16,0.0484,0.1444,0.16,10.0489,5.1984,10.3684,4.3681,0.8464,1.0404,7.3984,73.2736,98.4064,2.1904,0.16,0.16,11.6964,1.6129,186.05,0.16,0.16,1.3689,10.4976,0.16,74.4769,10.1761,0.16,0.16,0.7396,0.2209,14.9769,4e+10,0.16,116.64,1.9044,0.0016,1.96,0.16,1.4641,0.16,23.2324,40.3225,0.16,0.0121,133.865,2.9241,0.16,0.16,2.0736,0.16,6.0516,0,0.16,0.16,1.5876,0.6889],
[8.41,2.9929,10.24,4e+10,10.24,0.1936,10.24,0.1681,10.24,0.4096,3.5344,0.3481,46.24,2.9241,10.24,2.7556,0.1936,2.9241,5.8081,0.0196,10.24,10.24,10.24,0.0441,4.5369,10.24,10.24,0.1089,10.24,10.24,10.24,0.0625,4e+10,0.1849,5.5696,27.1441,2.8224,10.24,10.24,0.09,0.2116,6.7081,10.24,0.0289,55.2049,10.24,1.3689,0.3364,2.4649,10.24,0.3025,73.6164,1.8769,0.3844,9.1204,0.0169,0.1849,1.4884,0.0016,10.24,4e+10,26.6256,0.1296,10.24,0.1521,10.24,0.0081,1.8225,10.6929,10.24,0.0004,0.3364,10.24,4e+10,4.3264,9.1204,3.5721,0.5184,0.6724,6.3504,69.8896,94.4784,1.6384,10.24,4e+10,10.3684,1.1449,180.634,10.24,10.24,0.9409,9.2416,4e+10,71.0649,8.9401,10.24,10.24,0.4356,0.4489,13.4689,10.24,10.24,112.36,1.3924,0.0256,1.44,10.24,1.0201,10.24,21.3444,37.8225,10.24,0.0081,129.277,2.2801,10.24,10.24,1.5376,10.24,5.1076,0.04,10.24,10.24,1.1236,0.3969],
[12.25,4e+10,0.04,0.0625,0.04,1.0816,0.04,0.0361,0.04,1.5376,6.1504,1.4161,54.76,5.3361,0.04,5.1076,0.0256,5.3361,0.04,0.5476,0.04,0.04,4e+10,0.6561,7.4529,0.04,0.04,0.8649,0.04,4e+10,0.04,0.7225,13.3956,0.0289,0.04,33.7561,5.1984,0.04,0.04,0.09,1.1236,10.1761,0.04,0.1849,64.4809,0.04,3.1329,0.04,4.7089,0.04,0.0025,84.2724,4e+10,1.4884,13.1044,0.5329,0.04,3.3124,0.3136,0.04,0.04,4e+10,0.0576,0.04,4e+10,0.04,0.04,3.8025,14.9769,0.04,0.3844,0.0004,0.04,12.7449,7.1824,13.1044,6.2001,1.7424,2.0164,9.7344,80.2816,106.502,3.5344,0.04,0.04,14.5924,2.7889,197.122,0.04,0.04,2.4649,13.2496,0.04,81.5409,12.8881,0.04,0.04,1.5876,0.0049,18.2329,0.04,0.04,4e+10,3.1684,0.1936,3.24,0.04,2.5921,0.04,0.04,4e+10,0.04,0.2601,143.281,4.4521,0.04,0.04,3.3856,0.04,8.1796,0.16,0.04,0.04,2.7556,1.5129],
[10.89,4.5369,0.16,0.0025,4e+10,0.7056,0.16,0.0001,0.16,1.0816,5.1984,0.9801,4e+10,4.4521,4e+10,4.2436,0.0016,4.4521,0.16,0.2916,0.16,0.16,0.16,0.3721,6.4009,0.16,0.16,0.5329,0.16,0.16,0.16,0.4225,11.9716,0.0009,0.16,31.4721,4.3264,0.16,0.16,0.01,0.7396,8.9401,0.16,0.0529,61.3089,0.16,2.4649,0.16,3.8809,0.16,4e+10,80.6404,3.1329,1.0404,11.6964,0.2809,0.16,2.6244,0.1296,0.16,0.16,30.9136,0.0016,0.16,0.6241,0.16,0.16,3.0625,13.4689,0.16,0.1764,0.0324,0.16,11.3569,0.16,11.6964,5.2441,1.2544,1.4884,8.5264,76.7376,102.414,2.8224,0.16,0.16,13.1044,2.1609,191.546,0.16,0.16,1.8769,11.8336,0.16,77.9689,11.4921,0.16,0.16,1.1236,0.0729,4e+10,0.16,0.16,0.16,2.4964,0.0576,2.56,0.16,1.9881,0.16,0.16,42.9025,0.16,0.0961,138.533,3.6481,0.16,0.16,2.6896,0.16,7.0756,0.04,0.16,0.16,2.1316,1.0609],
[7.84,2.6569,9.61,0.2025,9.61,0.1156,9.61,0.2601,9.61,4e+10,3.1684,0.2401,44.89,2.5921,9.61,2.4336,0.2916,2.5921,9.61,0.0016,9.61,9.61,9.61,0.0121,4.1209,9.61,9.61,0.0529,9.61,9.61,9.61,0.0225,4e+10,0.2809,9.61,26.1121,2.4964,9.61,9.61,0.16,0.1296,6.2001,9.61,0.0729,53.7289,9.61,1.1449,9.61,2.1609,9.61,0.4225,71.9104,1.6129,0.2704,8.5264,0.0009,9.61,4e+10,0.0196,9.61,9.61,25.6036,0.2116,9.61,0.0841,9.61,9.61,1.5625,10.0489,9.61,0.0064,0.4624,9.61,8.2369,9.61,8.5264,3.2041,0.3844,0.5184,5.8564,68.2276,92.5444,1.3924,9.61,9.61,9.7344,0.9409,177.956,9.61,9.61,0.7569,4e+10,9.61,69.3889,8.3521,9.61,9.61,0.3136,0.5929,12.7449,9.61,4e+10,9.61,1.1664,4e+10,1.21,9.61,0.8281,4e+10,9.61,36.6025,9.61,0.0361,127.013,1.9881,9.61,9.61,9.61,9.61,4.6656,0.09,9.61,9.61,0.9216,0.2809]]
1,2
2,3
3,4
3,7
4,5
4,6
5,9
6,10
7,9
7,10
8,11
9,13
9,14
10,14
10,15
11,12
12,14
13,17
13,19
14,16
14,95
15,17
15,18
16,31
17,20
18,20
19,20
20,21
20,22
20,23
20,24
20,25
20,26
20,39
20,52
21,22
21,23
21,24
21,25
21,26
22,27
22,28
23,27
23,28
24,27
24,28
25,27
25,28
26,27
26,28
27,29
27,32
28,30
28,32
29,33
30,53
31,35
31,37
32,125
33,34
34,56
34,66
34,67
35,36
36,39
37,38
38,39
39,40
39,41
39,42
39,92
40,43
40,44
40,45
41,46
41,47
41,48
42,49
42,50
42,51
43,52
44,52
45,52
46,52
47,52
48,52
49,52
50,52
51,52
52,96
53,54
54,55
54,70
54,71
55,58
56,57
57,59
58,59
59,60
59,61
60,62
61,64
62,63
63,68
64,65
65,69
66,76
66,77
67,76
67,77
68,75
69,74
70,72
70,73
71,72
71,73
72,82
73,81
74,80
75,79
76,78
77,86
78,85
78,86
79,85
79,86
80,83
80,84
81,84
82,83
82,88
83,91
84,88
85,90
86,87
87,90
88,89
89,91
90,93
90,94
91,93
91,94
92,120
92,124
93,123
94,123
95,125
96,97
96,98
96,99
96,100
96,101
97,102
98,102
99,102
100,102
101,102
102,103
103,104
104,105
104,106
105,107
105,108
105,109
105,110
105,111
105,112
105,113
105,114
105,115
105,116
106,107
106,108
106,109
106,110
106,111
106,112
106,113
106,114
106,115
106,116
107,117
107,118
107,119
108,117
108,118
108,119
109,117
109,118
109,119
110,117
110,118
110,119
111,117
111,118
111,119
112,117
112,118
112,119
113,117
113,118
113,119
114,117
114,118
114,119
115,117
115,118
115,119
116,117
116,118
116,119
117,122
118,121
119,123
120,123
121,122
122,123
123,125
124,125
-1,-1