620
10
83
25
[[2,2,2,35,24,13,13,17,8,5,5,43,43,2,2,10,3,3,2,2,2,15,15,20,20,12,12,40,40,11,16,16,21,1,2,2,22,22,20,12,15,15,35,35,30,20,35,20,38,30,20,18,70,26,50,8,8,8,15,8,6,252,6,7,28,7,6,16,14,20,32,24,30,43,12,17,11,16,14,7,14,4,0],
[3,3,3,36,25,14,14,18,9,6,6,44,44,3,3,11,4,4,3,3,3,16,16,21,21,13,13,41,41,12,17,17,22,2,3,3,23,23,21,13,16,16,36,36,31,21,36,21,39,31,21,19,71,27,51,9,9,9,16,9,7,253,7,8,29,8,7,17,15,21,33,25,31,44,13,18,12,17,15,8,15,5,1],
[3,3,3,36,25,14,14,18,9,6,6,44,44,3,3,11,4,4,3,3,3,16,16,21,21,13,13,41,41,12,17,17,22,2,3,3,23,23,21,13,16,16,36,36,31,21,36,21,39,31,21,19,71,27,51,9,9,9,16,9,7,253,7,8,29,8,7,17,15,21,33,25,31,44,13,18,12,17,15,8,15,5,1],
[3,3,3,36,25,14,14,18,9,6,6,44,44,3,3,11,4,4,3,3,3,16,16,21,21,13,13,41,41,12,17,17,22,2,3,3,23,23,21,13,16,16,36,36,31,21,36,21,39,31,21,19,71,27,51,9,9,9,16,9,7,253,7,8,29,8,7,17,15,21,33,25,31,44,13,18,12,17,15,8,15,5,1],
[3,3,3,36,25,14,14,18,9,6,6,44,44,3,3,11,4,4,3,3,3,16,16,21,21,13,13,41,41,12,17,17,22,2,3,3,23,23,21,13,16,16,36,36,31,21,36,21,39,31,21,19,71,27,51,9,9,9,16,9,7,253,7,8,29,8,7,17,15,21,33,25,31,44,13,18,12,17,15,8,15,5,1],
[3,3,3,36,25,14,14,18,9,6,6,44,44,3,3,11,4,4,3,3,3,16,16,21,21,13,13,41,41,12,17,17,22,2,3,3,23,23,21,13,16,16,36,36,31,21,36,21,39,31,21,19,71,27,51,9,9,9,16,9,7,253,7,8,29,8,7,17,15,21,33,25,31,44,13,18,12,17,15,8,15,5,1],
[3,3,3,36,25,14,14,18,9,6,6,44,44,3,3,11,4,4,3,3,3,16,16,21,21,13,13,41,41,12,17,17,22,2,3,3,23,23,21,13,16,16,36,36,31,21,36,21,39,31,21,19,71,27,51,9,9,9,16,9,7,253,7,8,29,8,7,17,15,21,33,25,31,44,13,18,12,17,15,8,15,5,1],
[3,3,3,36,25,14,14,18,9,6,6,44,44,3,3,11,4,4,3,3,3,16,16,21,21,13,13,41,41,12,17,17,22,2,3,3,23,23,21,13,16,16,36,36,31,21,36,21,39,31,21,19,71,27,51,9,9,9,16,9,7,253,7,8,29,8,7,17,15,21,33,25,31,44,13,18,12,17,15,8,15,5,1],
[3,3,3,36,25,14,14,18,9,6,6,44,44,3,3,11,4,4,3,3,3,16,16,21,21,13,13,41,41,12,17,17,22,2,3,3,23,23,21,13,16,16,36,36,31,21,36,21,39,31,21,19,71,27,51,9,9,9,16,9,7,253,7,8,29,8,7,17,15,21,33,25,31,44,13,18,12,17,15,8,15,5,1],
[3,3,3,36,25,14,14,18,9,6,6,44,44,3,3,11,4,4,3,3,3,16,16,21,21,13,13,41,41,12,17,17,22,2,3,3,23,23,21,13,16,16,36,36,31,21,36,21,39,31,21,19,71,27,51,9,9,9,16,9,7,253,7,8,29,8,7,17,15,21,33,25,31,44,13,18,12,17,15,8,15,5,1],
[3,3,3,36,25,14,14,18,9,6,6,44,44,3,3,11,4,4,3,3,3,16,16,21,21,13,13,41,41,12,17,17,22,2,3,3,23,23,21,13,16,16,36,36,31,21,36,21,39,31,21,19,71,27,51,9,9,9,16,9,7,253,7,8,29,8,7,17,15,21,33,25,31,44,13,18,12,17,15,8,15,5,1],
[3,3,3,36,25,14,14,18,9,6,6,44,44,3,3,11,4,4,3,3,3,16,16,21,21,13,13,41,41,12,17,17,22,2,3,3,23,23,21,13,16,16,36,36,31,21,36,21,39,31,21,19,71,27,51,9,9,9,16,9,7,253,7,8,29,8,7,17,15,21,33,25,31,44,13,18,12,17,15,8,15,5,1],
[3,3,3,36,25,14,14,18,9,6,6,44,44,3,3,11,4,4,3,3,3,16,16,21,21,13,13,41,41,12,17,17,22,2,3,3,23,23,21,13,16,16,36,36,31,21,36,21,39,31,21,19,71,27,51,9,9,9,16,9,7,253,7,8,29,8,7,17,15,21,33,25,31,44,13,18,12,17,15,8,15,5,1],
[3,3,3,36,25,14,14,18,9,6,6,44,44,3,3,11,4,4,3,3,3,16,16,21,21,13,13,41,41,12,17,17,22,2,3,3,23,23,21,13,16,16,36,36,31,21,36,21,39,31,21,19,71,27,51,9,9,9,16,9,7,253,7,8,29,8,7,17,15,21,33,25,31,44,13,18,12,17,15,8,15,5,1],
[3,3,3,36,25,14,14,18,9,6,6,44,44,3,3,11,4,4,3,3,3,16,16,21,21,13,13,41,41,12,17,17,22,2,3,3,23,23,21,13,16,16,36,36,31,21,36,21,39,31,21,19,71,27,51,9,9,9,16,9,7,253,7,8,29,8,7,17,15,21,33,25,31,44,13,18,12,17,15,8,15,5,1],
[3,3,3,36,25,14,14,18,9,6,6,44,44,3,3,11,4,4,3,3,3,16,16,21,21,13,13,41,41,12,17,17,22,2,3,3,23,23,21,13,16,16,36,36,31,21,36,21,39,31,21,19,71,27,51,9,9,9,16,9,7,253,7,8,29,8,7,17,15,21,33,25,31,44,13,18,12,17,15,8,15,5,1],
[3,3,3,36,25,14,14,18,9,6,6,44,44,3,3,11,4,4,3,3,3,16,16,21,21,13,13,41,41,12,17,17,22,2,3,3,23,23,21,13,16,16,36,36,31,21,36,21,39,31,21,19,71,27,51,9,9,9,16,9,7,253,7,8,29,8,7,17,15,21,33,25,31,44,13,18,12,17,15,8,15,5,1],
[3,3,3,36,25,14,14,18,9,6,6,44,44,3,3,11,4,4,3,3,3,16,16,21,21,13,13,41,41,12,17,17,22,2,3,3,23,23,21,13,16,16,36,36,31,21,36,21,39,31,21,19,71,27,51,9,9,9,16,9,7,253,7,8,29,8,7,17,15,21,33,25,31,44,13,18,12,17,15,8,15,5,1],
[3,3,3,36,25,14,14,18,9,6,6,44,44,3,3,11,4,4,3,3,3,16,16,21,21,13,13,41,41,12,17,17,22,2,3,3,23,23,21,13,16,16,36,36,31,21,36,21,39,31,21,19,71,27,51,9,9,9,16,9,7,253,7,8,29,8,7,17,15,21,33,25,31,44,13,18,12,17,15,8,15,5,1],
[3,3,3,36,25,14,14,18,9,6,6,44,44,3,3,11,4,4,3,3,3,16,16,21,21,13,13,41,41,12,17,17,22,2,3,3,23,23,21,13,16,16,36,36,31,21,36,21,39,31,21,19,71,27,51,9,9,9,16,9,7,253,7,8,29,8,7,17,15,21,33,25,31,44,13,18,12,17,15,8,15,5,1],
[3,3,3,36,25,14,14,18,9,6,6,44,44,3,3,11,4,4,3,3,3,16,16,21,21,13,13,41,41,12,17,17,22,2,3,3,23,23,21,13,16,16,36,36,31,21,36,21,39,31,21,19,71,27,51,9,9,9,16,9,7,253,7,8,29,8,7,17,15,21,33,25,31,44,13,18,12,17,15,8,15,5,1],
[3,3,3,36,25,14,14,18,9,6,6,44,44,3,3,11,4,4,3,3,3,16,16,21,21,13,13,41,41,12,17,17,22,2,3,3,23,23,21,13,16,16,36,36,31,21,36,21,39,31,21,19,71,27,51,9,9,9,16,9,7,253,7,8,29,8,7,17,15,21,33,25,31,44,13,18,12,17,15,8,15,5,1],
[3,3,3,36,25,14,14,18,9,6,6,44,44,3,3,11,4,4,3,3,3,16,16,21,21,13,13,41,41,12,17,17,22,2,3,3,23,23,21,13,16,16,36,36,31,21,36,21,39,31,21,19,71,27,51,9,9,9,16,9,7,253,7,8,29,8,7,17,15,21,33,25,31,44,13,18,12,17,15,8,15,5,1],
[3,3,3,36,25,14,14,18,9,6,6,44,44,3,3,11,4,4,3,3,3,16,16,21,21,13,13,41,41,12,17,17,22,2,3,3,23,23,21,13,16,16,36,36,31,21,36,21,39,31,21,19,71,27,51,9,9,9,16,9,7,253,7,8,29,8,7,17,15,21,33,25,31,44,13,18,12,17,15,8,15,5,1],
[3,3,3,36,25,14,14,18,9,6,6,44,44,3,3,11,4,4,3,3,3,16,16,21,21,13,13,41,41,12,17,17,22,2,3,3,23,23,21,13,16,16,36,36,31,21,36,21,39,31,21,19,71,27,51,9,9,9,16,9,7,253,7,8,29,8,7,17,15,21,33,25,31,44,13,18,12,17,15,8,15,5,1]]
[[4e+10,1.69,4e+10,4e+10,4e+10,4e+10,4e+10,4e+10,4e+10,4e+10,4e+10,4e+10,4e+10,4e+10,4e+10,4e+10,4e+10,4e+10,4e+10,1.96,1.69,4e+10,4e+10,4e+10,4e+10,4e+10,0.01,4e+10,4e+10,4e+10,4e+10,4e+10,4e+10,4e+10,4e+10,2.89,4e+10,4e+10,4e+10,4e+10,4e+10,4e+10,4e+10,3.24,4e+10,4e+10,4e+10,4e+10,4e+10,5.76,0.49,0.25,4e+10,4e+10,4e+10,4e+10,4e+10,4e+10,4e+10,4e+10,4e+10,4e+10,9,4e+10,4e+10,4e+10,4e+10,0.01,4e+10,2.56,1,4e+10,4e+10,4e+10,4e+10,4e+10,4e+10,4e+10,4e+10,4e+10,4e+10,4e+10,4e+10],
[4e+10,1.8496,0.0256,0.0676,3.0976,1.1236,20.7936,8.1796,9.9856,3.0976,2.4336,0,6.5536,4e+10,0.0676,0.9216,0.0676,0,0,2.1316,1.8496,8.1796,3.4596,2.4336,4e+10,2.4336,4e+10,1.8496,2.1316,0,0.1296,4e+10,3.4596,9.3636,2.1316,4e+10,0.0676,0,0.0676,4.6656,0,8.1796,4.2436,3.4596,0.0256,0,4e+10,0,1.8496,6.0516,4e+10,0.3136,3.8416,0,0,3.4596,0.9216,0.4356,0,1.5876,15.6816,2.4336,9.3636,0,0,2.4336,4.2436,0.0256,0,2.7556,1.1236,0,5.1076,0,4e+10,0.0676,0.7396,3.8416,1.1236,0,2.1316,0.2116,3.8416],
[0.3481,2.2201,4e+10,0.1521,4e+10,1.4161,21.9961,8.9401,10.8241,3.5721,2.8561,4.00001e+10,0,0.3481,0.1521,1.1881,0.1521,4.00001e+10,4.00001e+10,2.5281,2.2201,4e+10,3.9601,0,4e+10,2.8561,0.0841,2.2201,2.5281,4.00001e+10,0.2401,1.4161,3.9601,10.1761,2.5281,3.5721,0.1521,4.00001e+10,0.1521,5.2441,4.00001e+10,8.9401,4.7961,3.9601,0,4.00001e+10,0.0841,4.00001e+10,2.2201,6.7081,0.7921,0.4761,4e+10,4.00001e+10,4.00001e+10,3.9601,1.1881,0.6241,4.00001e+10,1.9321,16.7281,2.8561,10.1761,4.00001e+10,4.00001e+10,2.8561,4.7961,0.0841,4.00001e+10,3.2041,1.4161,4e+10,5.7121,4e+10,0,4e+10,0.9801,4.3681,4e+10,4.00001e+10,2.5281,0.3481,4.3681],
[0.3025,2.1025,0.0625,0.1225,3.4225,1.3225,21.6225,8.7025,10.5625,3.4225,4e+10,0,4.00001e+10,0.3025,4e+10,1.1025,0.1225,4e+10,4e+10,2.4025,2.1025,8.7025,3.8025,4.00001e+10,1.8225,2.7225,4e+10,2.1025,2.4025,4e+10,0.2025,1.3225,3.8025,9.9225,4e+10,3.4225,0.1225,4.00001e+10,0.1225,4e+10,4.00001e+10,8.7025,4.6225,3.8025,0,4.00001e+10,0.0625,4.00001e+10,2.1025,6.5025,0.7225,0.4225,4.2025,4.00001e+10,4e+10,3.8025,1.1025,0.5625,4.00001e+10,1.8225,16.4025,0,9.9225,4.00001e+10,4.00001e+10,2.7225,4.6225,0.0625,4.00001e+10,4e+10,1.3225,4.00001e+10,5.5225,4.00001e+10,4e+10,4e+10,0.9025,4.2025,4e+10,4.00001e+10,2.4025,0.3025,4.2025],
[0.3481,2.2201,0.0841,4e+10,3.5721,4e+10,21.9961,8.9401,10.8241,3.5721,4e+10,4.00001e+10,4.00001e+10,0,0.1521,0,4e+10,4.00001e+10,4.00001e+10,2.5281,2.2201,8.9401,0,0,0,2.8561,0.0841,2.2201,2.5281,4.00001e+10,0.2401,1.4161,4e+10,10.1761,4e+10,4e+10,0.1521,4.00001e+10,0.1521,5.2441,4e+10,8.9401,4.7961,3.9601,4e+10,4.00001e+10,0.0841,4.00001e+10,2.2201,6.7081,0.7921,0.4761,4.3681,4.00001e+10,4.00001e+10,3.9601,1.1881,0.6241,4.00001e+10,1.9321,16.7281,4.00001e+10,10.1761,4.00001e+10,4.00001e+10,2.8561,4.7961,0.0841,4.00001e+10,3.2041,4e+10,4.00001e+10,5.7121,0,4.00001e+10,0.1521,0.9801,4.3681,1.4161,4.00001e+10,2.5281,0.3481,4.3681],
[0.3136,4e+10,0.0676,0.1296,0,0,21.7156,8.7616,0,3.4596,2.7556,4.00001e+10,4.00001e+10,0,0.1296,4.00001e+10,0,4.00001e+10,4.00001e+10,2.4336,2.1316,8.7616,4.00001e+10,4.00001e+10,4.00001e+10,2.7556,0.0676,2.1316,4e+10,4.00001e+10,0.2116,1.3456,3.8416,9.9856,2.4336,3.4596,0.1296,4.00001e+10,0.1296,0,4.00001e+10,8.7616,4.6656,3.8416,4.00001e+10,4.00001e+10,0.0676,4.00001e+10,0,6.5536,0.7396,0.4356,4.2436,4.00001e+10,4.00001e+10,3.8416,4e+10,0,4e+10,1.8496,0,0,9.9856,4.00001e+10,4.00001e+10,2.7556,4.6656,0.0676,4e+10,3.0976,4e+10,4.00001e+10,5.5696,4.00001e+10,4.00001e+10,0.1296,0.9216,4e+10,1.3456,4.00001e+10,2.4336,0.3136,4.2436],
[0.2304,1.9044,0.0324,0.0784,4e+10,4e+10,20.9764,8.2944,4e+10,3.1684,2.4964,4e+10,0,4e+10,0.0784,4e+10,4e+10,4e+10,4e+10,4e+10,1.9044,4e+10,4e+10,4e+10,4e+10,2.4964,0.0324,1.9044,2.1904,4e+10,0.1444,0,4e+10,0,2.1904,3.1684,0.0784,4e+10,0.0784,4e+10,4e+10,8.2944,4e+10,3.5344,4e+10,0,0.0324,4e+10,4e+10,6.1504,4e+10,4e+10,3.9204,4e+10,0,3.5344,0.9604,0,4e+10,0,0,4e+10,9.4864,0,4e+10,2.4964,4.3264,4e+10,4e+10,2.8224,1.1664,4e+10,5.1984,0,4e+10,0.0784,0.7744,3.9204,1.1664,4e+10,2.1904,0.2304,3.9204],
[0.2916,2.0736,0.0576,0.1156,4.00001e+10,0,21.5296,0,4.00001e+10,3.3856,2.6896,4.00001e+10,4.00001e+10,4.00001e+10,0.1156,4.00001e+10,4.00001e+10,4.00001e+10,4.00001e+10,2.3716,2.0736,8.6436,4.00001e+10,4.00001e+10,4.00001e+10,2.6896,0.0576,4e+10,0,4.00001e+10,0.1936,4.00001e+10,0,4.00001e+10,0,4e+10,0.1156,4.00001e+10,0.1156,4e+10,4.00001e+10,8.6436,4.5796,3.7636,4.00001e+10,4.00001e+10,0.0576,4.00001e+10,0,4e+10,0.7056,0.4096,4.1616,0,4e+10,3.7636,1.0816,4.00001e+10,4.00001e+10,0,0,4e+10,9.8596,0,4.00001e+10,2.6896,4.5796,0.0576,4e+10,3.0276,1.2996,4.00001e+10,5.4756,4e+10,4.00001e+10,4e+10,4e+10,4.1616,1.2996,4.00001e+10,4e+10,0,4.1616],
[0.3025,2.1025,0.0625,0.1225,4.00001e+10,4.00001e+10,21.6225,4.00001e+10,0,3.4225,0,4.00001e+10,4.00001e+10,4.00001e+10,0.1225,4.00001e+10,0,0,4.00001e+10,2.4025,2.1025,8.7025,4.00001e+10,4.00001e+10,4e+10,2.7225,0.0625,2.1025,4e+10,4.00001e+10,0.2025,4.00001e+10,4.00001e+10,4.00001e+10,4.00001e+10,3.4225,0.1225,0,0.1225,4.00001e+10,0,8.7025,4.6225,3.8025,4e+10,4.00001e+10,0.0625,0,4.00001e+10,6.5025,0.7225,0.4225,4.2025,4.00001e+10,4.00001e+10,4e+10,1.1025,4.00001e+10,4.00001e+10,4.00001e+10,4.00001e+10,0,9.9225,4.00001e+10,4.00001e+10,2.7225,4.6225,0.0625,4.00001e+10,3.0625,1.3225,4.00001e+10,5.5225,4.00001e+10,4e+10,0.1225,0.9025,4.2025,4e+10,4e+10,2.4025,4.00001e+10,4.2025],
[0.2916,2.0736,0.0576,0.1156,4.00001e+10,4.00001e+10,21.5296,4.00001e+10,4.00001e+10,3.3856,4.00001e+10,4.00001e+10,4.00001e+10,4.00001e+10,0.1156,4.00001e+10,4.00001e+10,4e+10,4.00001e+10,2.3716,2.0736,8.6436,4.00001e+10,4e+10,4.00001e+10,0,0.0576,2.0736,4.00001e+10,4.00001e+10,0.1936,4e+10,4.00001e+10,4.00001e+10,4.00001e+10,3.3856,0.1156,4e+10,0.1156,4.00001e+10,4.00001e+10,8.6436,4.5796,3.7636,4.00001e+10,4.00001e+10,0.0576,4.00001e+10,4.00001e+10,6.4516,0.7056,4e+10,4.1616,4.00001e+10,4.00001e+10,3.7636,1.0816,4.00001e+10,4.00001e+10,4e+10,4.00001e+10,4.00001e+10,9.8596,4e+10,4.00001e+10,0,0,0.0576,4.00001e+10,3.0276,1.2996,4.00001e+10,5.4756,4.00001e+10,4.00001e+10,0.1156,0.8836,4.1616,0,4.00001e+10,2.3716,4.00001e+10,0],
[0,1.8769,0.0289,0.0729,4e+10,4e+10,0,4e+10,4e+10,3.1329,4e+10,4e+10,4e+10,4e+10,0.0729,4e+10,4e+10,4e+10,4e+10,2.1609,1.8769,8.2369,4e+10,4e+10,4e+10,4e+10,0.0289,1.8769,4e+10,4e+10,4e+10,4e+10,4e+10,4e+10,4e+10,3.1329,0.0729,0,0.0729,4e+10,4e+10,8.2369,4e+10,3.4969,4e+10,4e+10,0.0289,4e+10,4e+10,6.1009,0.5929,0.3249,3.8809,4e+10,4e+10,3.4969,0.9409,4e+10,4e+10,4e+10,0,4e+10,9.4249,4e+10,4e+10,4e+10,4e+10,4e+10,4e+10,2.7889,1.1449,4e+10,5.1529,4e+10,4e+10,0.0729,0.7569,3.8809,4e+10,4e+10,2.1609,0,4e+10],
[4.00001e+10,2.1904,0.0784,0.1444,4.00001e+10,4.00001e+10,4.00001e+10,4.00001e+10,4.00001e+10,4e+10,0,4.00001e+10,4.00001e+10,4.00001e+10,0.1444,4.00001e+10,4.00001e+10,4.00001e+10,4.00001e+10,2.4964,2.1904,8.8804,4.00001e+10,4.00001e+10,4.00001e+10,0,0.0784,0,4e+10,4.00001e+10,4e+10,4.00001e+10,4.00001e+10,4.00001e+10,4.00001e+10,3.5344,0.1444,4.00001e+10,0.1444,4.00001e+10,4.00001e+10,8.8804,4e+10,4e+10,4.00001e+10,4.00001e+10,4e+10,4.00001e+10,4.00001e+10,4e+10,0.7744,0.4624,4.3264,4.00001e+10,4.00001e+10,0,1.1664,4.00001e+10,4.00001e+10,4.00001e+10,4e+10,4.00001e+10,10.1124,0,4.00001e+10,4.00001e+10,4.00001e+10,0.0784,4.00001e+10,3.1684,1.3924,4.00001e+10,5.6644,4e+10,4.00001e+10,0.1444,0.9604,4.3264,4.00001e+10,4e+10,2.4964,4.00001e+10,4.00001e+10],
[0,1.7424,0.0144,0.0484,0,4e+10,4e+10,4e+10,4e+10,2.9584,4e+10,4e+10,4e+10,4e+10,0.0484,0,4e+10,4e+10,4e+10,2.0164,1.7424,7.9524,4e+10,0,4e+10,4e+10,0.0144,4e+10,0,4e+10,0.1024,4e+10,4e+10,4e+10,4e+10,2.9584,0.0484,4e+10,0.0484,4e+10,4e+10,7.9524,4.0804,4e+10,4e+10,4e+10,0.0144,0,4e+10,5.8564,0.5184,0.2704,3.6864,4e+10,0,4e+10,0,0,4e+10,4e+10,4e+10,4e+10,9.1204,4e+10,4e+10,4e+10,4e+10,0.0144,4e+10,2.6244,1.0404,4e+10,4.9284,4e+10,4e+10,0.0484,4e+10,3.6864,4e+10,4e+10,2.0164,4e+10,4e+10],
[4.00001e+10,2.1025,0.0625,0.1225,4.00001e+10,4.00001e+10,4.00001e+10,4.00001e+10,4.00001e+10,4e+10,0,4.00001e+10,0,4e+10,4e+10,4.00001e+10,4.00001e+10,4e+10,4.00001e+10,2.4025,2.1025,4e+10,4.00001e+10,4.00001e+10,4.00001e+10,4.00001e+10,4e+10,4.00001e+10,4e+10,4.00001e+10,0.2025,0,0,4.00001e+10,4.00001e+10,3.4225,0.1225,4.00001e+10,0.1225,0,4.00001e+10,8.7025,4.6225,3.8025,4.00001e+10,4e+10,0,4e+10,4.00001e+10,6.5025,4e+10,0.4225,4.2025,4.00001e+10,4.00001e+10,4.00001e+10,4.00001e+10,4.00001e+10,4.00001e+10,0,4.00001e+10,4.00001e+10,4e+10,4.00001e+10,4.00001e+10,4.00001e+10,4.00001e+10,0.0625,4.00001e+10,3.0625,1.3225,4.00001e+10,5.5225,4.00001e+10,4.00001e+10,0,4e+10,4.2025,4.00001e+10,4.00001e+10,4e+10,4e+10,4.00001e+10],
[4e+10,1.8769,0.0289,0,4e+10,4e+10,4e+10,4e+10,4e+10,3.1329,4e+10,4e+10,0,4e+10,0,4e+10,4e+10,4e+10,4e+10,2.1609,1.8769,8.2369,4e+10,4e+10,4e+10,4e+10,0.0289,4e+10,4e+10,4e+10,0.1369,4e+10,4e+10,4e+10,4e+10,3.1329,0.0729,4e+10,0.0729,4e+10,0,8.2369,4.2849,3.4969,4e+10,4e+10,4e+10,4e+10,4e+10,6.1009,0.5929,0.3249,3.8809,4e+10,4e+10,4e+10,4e+10,4e+10,4e+10,4e+10,4e+10,4e+10,9.4249,4e+10,0,4e+10,4e+10,0.0289,4e+10,2.7889,1.1449,4e+10,5.1529,4e+10,0,4e+10,0.7569,3.8809,4e+10,4e+10,2.1609,4e+10,4e+10],
[4.00001e+10,2.0449,0.0529,4.00001e+10,4.00001e+10,4.00001e+10,4.00001e+10,4.00001e+10,4.00001e+10,3.3489,4e+10,4.00001e+10,4.00001e+10,4.00001e+10,4.00001e+10,4.00001e+10,4.00001e+10,4.00001e+10,4.00001e+10,2.3409,2.0449,8.5849,4.00001e+10,4.00001e+10,0,4.00001e+10,0.0529,4.00001e+10,4.00001e+10,4.00001e+10,0.1849,4.00001e+10,4.00001e+10,4.00001e+10,4.00001e+10,3.3489,0.1089,4.00001e+10,0.1089,4.00001e+10,4.00001e+10,8.5849,4e+10,3.7249,4.00001e+10,4.00001e+10,4.00001e+10,4.00001e+10,4.00001e+10,6.4009,0.6889,0.3969,4.1209,4.00001e+10,0,4.00001e+10,4.00001e+10,4.00001e+10,4.00001e+10,4.00001e+10,4.00001e+10,4e+10,9.7969,4.00001e+10,4.00001e+10,4.00001e+10,4.00001e+10,0.0529,4.00001e+10,2.9929,1.2769,4.00001e+10,5.4289,4.00001e+10,4.00001e+10,0,0,0,0,4.00001e+10,2.3409,4.00001e+10,4.00001e+10],
[0,2.1904,0.0784,4.00001e+10,4.00001e+10,4.00001e+10,4.00001e+10,4.00001e+10,4e+10,4e+10,4e+10,4.00001e+10,4.00001e+10,4.00001e+10,4.00001e+10,4.00001e+10,4.00001e+10,4e+10,4.00001e+10,2.4964,2.1904,8.8804,4.00001e+10,4.00001e+10,4.00001e+10,4.00001e+10,0.0784,4.00001e+10,4.00001e+10,4.00001e+10,0.2304,0,4.00001e+10,4.00001e+10,4.00001e+10,4e+10,0.1444,4.00001e+10,0.1444,4.00001e+10,4e+10,8.8804,0,3.9204,4.00001e+10,4e+10,4.00001e+10,4e+10,4.00001e+10,6.6564,0.7744,0.4624,4.3264,4e+10,4e+10,4.00001e+10,4.00001e+10,4.00001e+10,4.00001e+10,4.00001e+10,4.00001e+10,0,10.1124,4.00001e+10,0,4.00001e+10,4.00001e+10,4e+10,4.00001e+10,3.1684,1.3924,4.00001e+10,5.6644,4.00001e+10,4.00001e+10,4.00001e+10,4.00001e+10,0,4.00001e+10,4.00001e+10,2.4964,4e+10,4.00001e+10],
[4.00001e+10,2.1904,0,4.00001e+10,4.00001e+10,4.00001e+10,0,0,4.00001e+10,3.5344,4e+10,4.00001e+10,4.00001e+10,4.00001e+10,4.00001e+10,4.00001e+10,4.00001e+10,4.00001e+10,4.00001e+10,2.4964,2.1904,8.8804,0,4.00001e+10,0,4.00001e+10,0.0784,4.00001e+10,4.00001e+10,4e+10,0.2304,4.00001e+10,4e+10,4.00001e+10,4.00001e+10,3.5344,0.1444,4.00001e+10,0.1444,4.00001e+10,4.00001e+10,8.8804,4.00001e+10,3.9204,4.00001e+10,4.00001e+10,4.00001e+10,4.00001e+10,4.00001e+10,6.6564,0.7744,0.4624,4.3264,4.00001e+10,4.00001e+10,4.00001e+10,4.00001e+10,4.00001e+10,4.00001e+10,4.00001e+10,4.00001e+10,4.00001e+10,10.1124,4.00001e+10,0,4.00001e+10,4.00001e+10,0.0784,4e+10,3.1684,1.3924,4.00001e+10,5.6644,4.00001e+10,4e+10,4.00001e+10,0,4.00001e+10,4.00001e+10,4.00001e+10,4e+10,4.00001e+10,4.00001e+10],
[4e+10,1.8769,4e+10,0,0,4e+10,4e+10,4e+10,4e+10,0,0,4e+10,4e+10,4e+10,4e+10,4e+10,4e+10,0,4e+10,2.1609,1.8769,8.2369,4e+10,4e+10,4e+10,4e+10,0.0289,4e+10,4e+10,4e+10,0.1369,4e+10,4e+10,4e+10,4e+10,3.1329,0,4e+10,0,4e+10,4e+10,8.2369,4e+10,3.4969,4e+10,4e+10,4e+10,4e+10,4e+10,6.1009,4e+10,0.3249,3.8809,4e+10,0,4e+10,4e+10,4e+10,4e+10,4e+10,4e+10,4e+10,9.4249,4e+10,4e+10,4e+10,4e+10,0.0289,4e+10,2.7889,1.1449,4e+10,4e+10,0,4e+10,4e+10,4e+10,4e+10,4e+10,4e+10,2.1609,4e+10,4e+10],
[4e+10,4e+10,0,4e+10,0,4e+10,4e+10,4e+10,4e+10,4e+10,4e+10,4e+10,4e+10,4e+10,4e+10,0,4e+10,4e+10,4e+10,2.0449,1.7689,0,4e+10,4e+10,0,4e+10,0.0169,4e+10,0,0,0.1089,4e+10,4e+10,4e+10,4e+10,4e+10,4e+10,4e+10,4e+10,4e+10,4e+10,4e+10,4e+10,3.3489,4e+10,4e+10,4e+10,4e+10,4e+10,5.9049,0.5329,0.2809,3.7249,4e+10,4e+10,4e+10,4e+10,4e+10,4e+10,4e+10,4e+10,4e+10,9.1809,4e+10,4e+10,4e+10,4e+10,0.0169,4e+10,2.6569,1.0609,4e+10,4e+10,0,0,4e+10,4e+10,4e+10,0,4e+10,2.0449,0,0],
[4e+10,1.8769,4e+10,4e+10,4e+10,4e+10,4e+10,4e+10,4e+10,4e+10,4e+10,4e+10,4e+10,4e+10,0,4e+10,4e+10,0,4e+10,4e+10,1.8769,4e+10,4e+10,4e+10,4e+10,4e+10,0.0289,4e+10,4e+10,4e+10,0,4e+10,4e+10,4e+10,4e+10,4e+10,4e+10,4e+10,0,4e+10,4e+10,4e+10,4e+10,3.4969,4e+10,4e+10,4e+10,4e+10,4e+10,6.1009,0.5929,0.3249,3.8809,4e+10,0,4e+10,0,4e+10,4e+10,0,4e+10,4e+10,9.4249,4e+10,4e+10,4e+10,4e+10,0.0289,4e+10,2.7889,1.1449,4e+10,0,0,4e+10,4e+10,4e+10,4e+10,4e+10,4e+10,2.1609,4e+10,4e+10],
[4e+10,1.8225,4e+10,4e+10,4e+10,4e+10,4e+10,4e+10,4e+10,4e+10,4e+10,4e+10,0,4e+10,4e+10,4e+10,0,4e+10,4e+10,2.1025,1.8225,4e+10,4e+10,0,4e+10,4e+10,0.0225,4e+10,4e+10,4e+10,4e+10,4e+10,4e+10,4e+10,4e+10,3.0625,4e+10,4e+10,4e+10,4e+10,4e+10,0,4e+10,3.4225,4e+10,4e+10,4e+10,4e+10,4e+10,6.0025,0.5625,0.3025,3.8025,4e+10,4e+10,4e+10,4e+10,4e+10,4e+10,4e+10,4e+10,4e+10,9.3025,4e+10,4e+10,4e+10,4e+10,4e+10,4e+10,2.7225,1.1025,4e+10,4e+10,4e+10,4e+10,4e+10,4e+10,4e+10,4e+10,4e+10,2.1025,4e+10,0],
[4e+10,1.7424,4e+10,4e+10,0,4e+10,4e+10,4e+10,4e+10,0,4e+10,4e+10,4e+10,4e+10,4e+10,4e+10,0,4e+10,4e+10,2.0164,1.7424,4e+10,4e+10,4e+10,4e+10,4e+10,0.0144,4e+10,4e+10,4e+10,4e+10,4e+10,4e+10,4e+10,4e+10,2.9584,4e+10,4e+10,0,4e+10,4e+10,4e+10,4e+10,3.3124,4e+10,4e+10,4e+10,4e+10,4e+10,5.8564,0.5184,0.2704,3.6864,4e+10,4e+10,4e+10,4e+10,4e+10,4e+10,4e+10,4e+10,4e+10,9.1204,4e+10,4e+10,4e+10,4e+10,0.0144,4e+10,2.6244,4e+10,4e+10,4e+10,4e+10,4e+10,4e+10,4e+10,0,4e+10,4e+10,0,4e+10,4e+10],
[4.00001e+10,2.1904,4.00001e+10,4.00001e+10,4.00001e+10,4.00001e+10,4.00001e+10,4.00001e+10,4.00001e+10,4.00001e+10,4.00001e+10,4.00001e+10,4.00001e+10,4.00001e+10,4.00001e+10,4.00001e+10,4.00001e+10,4.00001e+10,4.00001e+10,2.4964,2.1904,4.00001e+10,4.00001e+10,0,4.00001e+10,4.00001e+10,0.0784,4e+10,4.00001e+10,4.00001e+10,0,4.00001e+10,4.00001e+10,4.00001e+10,4.00001e+10,3.5344,4.00001e+10,4.00001e+10,4.00001e+10,4.00001e+10,4.00001e+10,4e+10,4.00001e+10,3.9204,4.00001e+10,4.00001e+10,0,4.00001e+10,4e+10,6.6564,4e+10,0.4624,4.3264,4e+10,4.00001e+10,4.00001e+10,4e+10,4.00001e+10,4.00001e+10,4.00001e+10,4.00001e+10,0,10.1124,4.00001e+10,4.00001e+10,4.00001e+10,4.00001e+10,0.0784,4.00001e+10,3.1684,1.3924,4e+10,4e+10,4.00001e+10,4.00001e+10,4.00001e+10,4.00001e+10,4.00001e+10,4.00001e+10,4.00001e+10,4e+10,4.00001e+10,4e+10],
[0,1.9044,4e+10,4e+10,4e+10,4e+10,4e+10,0,0,4e+10,4e+10,4e+10,4e+10,4e+10,4e+10,0,4e+10,4e+10,4e+10,2.1904,4e+10,4e+10,4e+10,0,4e+10,4e+10,0.0324,4e+10,4e+10,4e+10,4e+10,0,4e+10,4e+10,4e+10,3.1684,4e+10,4e+10,4e+10,0,4e+10,4e+10,0,3.5344,4e+10,4e+10,4e+10,4e+10,4e+10,6.1504,0.6084,0.3364,0,4e+10,4e+10,4e+10,4e+10,4e+10,4e+10,0,4e+10,4e+10,9.4864,4e+10,0,4e+10,4e+10,0.0324,4e+10,4e+10,1.1664,4e+10,4e+10,4e+10,4e+10,0,4e+10,4e+10,4e+10,4e+10,4e+10,4e+10,0]]
1,4
1,5
2,4
2,5
3,4
3,5
4,8
5,6
5,7
5,8
6,83
7,83
8,9
8,12
8,13
9,10
9,11
10,14
11,14
12,15
13,15
14,19
15,16
15,17
15,18
16,20
17,19
17,20
18,19
18,20
19,21
20,21
20,24
20,25
20,26
20,27
20,28
20,29
20,30
20,36
21,22
21,23
22,83
23,83
24,40
24,43
24,54
24,56
24,57
25,40
25,44
25,54
25,56
25,57
26,40
27,40
28,43
28,46
28,47
28,48
28,54
28,56
28,57
29,44
29,46
29,47
29,48
29,54
29,56
29,57
30,31
30,32
30,33
31,34
32,34
33,34
34,35
35,36
36,37
36,38
36,39
37,40
37,45
38,40
38,45
39,83
40,41
40,42
40,53
40,55
41,59
42,59
43,49
44,49
45,59
46,59
47,59
48,59
49,50
49,52
50,51
50,58
51,83
52,59
53,59
54,59
55,59
56,59
57,59
58,59
59,60
60,61
61,62
62,63
63,64
63,72
63,75
65,68
66,68
67,68
68,73
68,74
69,73
69,76
69,77
69,78
69,79
69,80
69,81
69,82
69,83
70,73
70,76
70,77
70,78
70,79
70,80
70,81
70,82
71,73
71,76
71,77
71,78
71,79
71,80
71,81
71,82
72,73
72,76
72,77
72,78
72,79
72,80
72,81
72,82
73,76
73,77
73,78
73,79
73,80
73,81
73,82
74,83
75,76
75,77
75,78
75,79
75,80
75,81
75,82
76,83
77,83
78,83
79,83
80,83
81,83
82,83
-1,-1