0.0333
0.0145
0.0107
0.0221
0.0163
0.0326
0.0111
0.0150
0.0177
0.0449
0.0245
0.0326
0.0143
0.0272
0.0262
0.0337
0.0262
0.0639
0.0102
0.0184
0.0112
0.0411
0.0060
0.0262
0.1272
0.0230
0.0082
0.0503
0.0326
0.0037
0.0581
0.0434
0.0357
0.0780
0.0904
0.0840
0.0442
0.0774
0.0316
0.0109
0.0309
0.0163
0.0136
0.0109
0.0289
0.0226
0.0194
0.0122
0.0490
0.0575
0.0150
0.0095
0.0413
0.0816
0.0095
0.0020
0.0005
0.0275
0.0068
0.0051
0.0119
0.0082
0.0031
0.0056
0.0452
0.0092
0.0107
0.0357
0.0009
0.0082
0.0107
0.0131
0.0190
0.0333
0.0143
0.0262
0.0102
0.0187
0.0262
0.0211
0.0857
0.0653
0.0190
0.0388
0.0394
0.1107
0.0148
0.0530
0.0704
