0.2955
0.1142
0.0289
0.0245
0.0362
0.0449
0.0595
0.0748
0.0357
0.0381
0.0576
0.2519
0.0388
0.0995
0.0383
0.0131
0.0068
0.0226
0.0313
0.0260
0.1163
0.1020
0.0173
0.0168
0.0260
0.0230
0.0578
0.0520
0.0136
0.0306
0.0425
0.0184
0.0177
0.0179
0.1071
0.0068
0.1821
0.0122
0.0272
0.0612
0.0510
0.1760
0.0138
0.0138
0.0279
0.0323
0.0646
0.0422
0.0131
0.0838
0.0490
0.0041
0.0872
0.0245
0.0804
0.0245
0.0959
0.0184
0.0388
0.0449
0.0163
0.0405
0.0949
0.0122
0.0150
0.1358
0.0459
0.0275
0.0884
0.0995
0.1591
0.1127
0.0493
0.0991
0.0646
0.0791
0.0439
0.0904
0.0245
0.0333
0.0748
0.0653
0.0262
0.0536
0.0964
0.0201
0.1267
0.0612
0.0245
0.1255
0.0128
0.3715
0.3327
0.1102
