0.6664
0.5831
0.2499
0.5831
0.1666
0.4165
0.0575
0.7657
0.4165
0.7885
0.5831
0.3332
0.2499
0.7755
0.9350
0.0262
0.0303
0.0173
0.1238
0.1377
1.0404
0.0425
1.1659
0.0146
1.1662
0.6664
0.0099
0.0092
0.0051
0.0411
0.5831
0.7232
0.4998
1.3726
0.0231
0.0211
0.0143
0.1238
1.6993
0.4998
1.0074
1.9343
0.0231
0.0061
0.0034
0.0275
1.7680
0.0133
0.0228
0.0092
0.0051
0.0411
0.0197
0.5831
0.0425
1.3634
0.4998
0.4998
0.7830
0.6664
0.7497
1.3661
0.9330
1.0197
0.2499
0.2499
0.2499
0.2499
0.1853
1.1512
1.0996
0.7497
0.7500
0.1666
0.2805
1.1995
1.2131
0.4080
0.2101
0.4998
0.5831
0.2499
0.6664
0.9823
0.2101
0.1666
0.2499
0.1666
0.3131
0.1108
1.8326
0.0826
0.1261
0.0197
1.7201
0.4165
0.2615
0.2611
0.5678
0.5678
0.1666
0.0687
0.0690
0.0687
0.9330
0.0551
0.1102
0.0551
0.0411
0.0551
0.0309
