0.05083
0.03264
0.06375
0.02210
0.04301
0.04488
0.00816
0.01496
0.03910
0.02499
0.03740
0.02805
0.00510
0.05083
0.00340
0.03536
0.01428
0.01105
0.02448
0.05950
0.04862
0.05746
0.01632
0.01377
0.03060
0.05474
0.02975
0.01326
0.00255
0.01309
0.01785
0.03366
0.01785
0.04862
0.03825
0.00816
0.01870
0.02448
0.02618
0.01428
0.00510
0.02652
0.04862
0.01224
0.00714
0.02125
0.00748
0.02244
0.00714
0.05525
0.03740
0.03740
0.01564
0.01496
0.02618
0.05950
0.02737
0.01785
0.03366
0.03740
0.04488
0.03740
0.02142
0.02754
0.01955
0.00204
0.07072
0.06375
0.04080
0.04114
0.04080
0.01496
0.03366
0.00680
0.04675
