0.0109
0.0255
0.0143
0.0719
0.0197
0.0122
0.0796
0.0252
0.0490
0.0197
0.0347
0.0112
0.0435
0.0153
0.0631
0.0991
0.0190
0.0245
0.0653
0.0041
0.0119
0.0095
0.0238
0.0066
0.0085
0.0298
0.0206
0.0383
0.0112
0.0345
0.0468
0.0153
0.0214
0.0418
0.0643
0.0479
0.0119
0.1088
0.0083
0.1115
0.0479
0.0299
0.0326
0.0561
0.0680
0.0071
0.0279
0.0044
0.0479
0.0449
0.0520
0.0094
0.2006
0.0255
0.0060
0.0286
0.0184
0.0442
0.0071
0.0036
0.0061
0.0068
0.0109
0.0393
0.0027
0.0214
0.0068
0.0214
0.0143
0.0112
0.1204
0.0255
0.1156
0.0680
0.1545
0.0017
0.0428
0.0027
0.0955
0.0095
0.0177
0.0170
0.0107
0.0177
0.0170
0.0250
0.0799
0.0235
0.0088
0.0097
0.1955
0.0298
0.0619
0.0156
0.0238
0.0211
0.0291
0.0462
0.0694
0.0530
0.0408
0.0309
0.0177
0.0459
0.0986
0.0190
0.0122
0.3256
0.0408
0.0636
0.0274
0.1102
0.0262
0.0162
0.0119
0.0316
0.0326
0.0088
0.0468
0.0422
0.0381
0.0133
0.0258
0.0262
0.0323
0.0326
0.0842
0.0109
0.0168
0.0184
0.0153
0.0428
0.0391
0.0068
0.0860
0.0870
0.0337
0.0153
0.0347
0.0411
0.1797
0.1258
0.0218
0.0867
0.1630
0.0544
0.0796
0.1591
