34
10
29
20
[[7,19,15,5,12,10,8,16,2,6,21,10,9,4,14,7,14,17,10,16,1,9,25,14,14,2,10,7,20],
[8,20,16,6,13,11,9,17,3,7,22,11,10,5,15,8,15,18,11,17,2,10,26,15,15,3,11,8,21],
[8,20,16,6,13,11,9,17,3,7,22,11,10,5,15,8,15,18,11,17,2,10,26,15,15,3,11,8,21],
[8,20,16,6,13,11,9,17,3,7,22,11,10,5,15,8,15,18,11,17,2,10,26,15,15,3,11,8,21],
[8,20,16,6,13,11,9,17,3,7,22,11,10,5,15,8,15,18,11,17,2,10,26,15,15,3,11,8,21],
[8,20,16,6,13,11,9,17,3,7,22,11,10,5,15,8,15,18,11,17,2,10,26,15,15,3,11,8,21],
[8,20,16,6,13,11,9,17,3,7,22,11,10,5,15,8,15,18,11,17,2,10,26,15,15,3,11,8,21],
[8,20,16,6,13,11,9,17,3,7,22,11,10,5,15,8,15,18,11,17,2,10,26,15,15,3,11,8,21],
[8,20,16,6,13,11,9,17,3,7,22,11,10,5,15,8,15,18,11,17,2,10,26,15,15,3,11,8,21],
[8,20,16,6,13,11,9,17,3,7,22,11,10,5,15,8,15,18,11,17,2,10,26,15,15,3,11,8,21],
[8,20,16,6,13,11,9,17,3,7,22,11,10,5,15,8,15,18,11,17,2,10,26,15,15,3,11,8,21],
[8,20,16,6,13,11,9,17,3,7,22,11,10,5,15,8,15,18,11,17,2,10,26,15,15,3,11,8,21],
[8,20,16,6,13,11,9,17,3,7,22,11,10,5,15,8,15,18,11,17,2,10,26,15,15,3,11,8,21],
[8,20,16,6,13,11,9,17,3,7,22,11,10,5,15,8,15,18,11,17,2,10,26,15,15,3,11,8,21],
[8,20,16,6,13,11,9,17,3,7,22,11,10,5,15,8,15,18,11,17,2,10,26,15,15,3,11,8,21],
[8,20,16,6,13,11,9,17,3,7,22,11,10,5,15,8,15,18,11,17,2,10,26,15,15,3,11,8,21],
[8,20,16,6,13,11,9,17,3,7,22,11,10,5,15,8,15,18,11,17,2,10,26,15,15,3,11,8,21],
[8,20,16,6,13,11,9,17,3,7,22,11,10,5,15,8,15,18,11,17,2,10,26,15,15,3,11,8,21],
[8,20,16,6,13,11,9,17,3,7,22,11,10,5,15,8,15,18,11,17,2,10,26,15,15,3,11,8,21],
[8,20,16,6,13,11,9,17,3,7,22,11,10,5,15,8,15,18,11,17,2,10,26,15,15,3,11,8,21]]
[[1,4,0,4,9,0,1,0,0,1,4,1,1,0,1,0,9,1,0,0,9,4,1,0,0,0,0,0,1],
[1.2996,4.5796,4e+10,4.5796,9.8596,0.0196,1.2996,0.0196,0.0196,1.2996,4.5796,1.2996,4e+10,0.0196,1.2996,0.0196,9.8596,1.2996,0.0196,0.0196,9.8596,4.5796,1.2996,0.0196,0.0196,0.0196,4e+10,0.0196,1.2996],
[1.3225,4.6225,4e+10,4.6225,9.9225,0.0225,1.3225,0.0225,0.0225,1.3225,4.6225,1.3225,1.3225,0.0225,1.3225,0.0225,9.9225,1.3225,0.0225,4e+10,9.9225,4.6225,1.3225,0.0225,4e+10,0.0225,0.0225,0.0225,1.3225],
[1.0609,4e+10,0.0009,4.1209,9.1809,0.0009,1.0609,0.0009,0.0009,1.0609,4.1209,1.0609,1.0609,4e+10,4e+10,0.0009,9.1809,1.0609,0.0009,0.0009,9.1809,4.1209,1.0609,0.0009,4e+10,0.0009,0.0009,0.0009,1.0609],
[1.3924,4.7524,0.0324,4.7524,4e+10,0.0324,1.3924,0.0324,0.0324,1.3924,4e+10,4e+10,1.3924,0.0324,1.3924,0.0324,10.1124,4e+10,0.0324,0.0324,10.1124,4.7524,1.3924,0.0324,0.0324,0.0324,4e+10,0.0324,1.3924],
[1.2321,4.4521,0.0121,4.4521,9.6721,0.0121,1.2321,0.0121,0.0121,1.2321,4.4521,1.2321,1.2321,4e+10,1.2321,0.0121,9.6721,1.2321,0.0121,0.0121,9.6721,4.4521,1.2321,0.0121,4e+10,0.0121,0.0121,4e+10,1.2321],
[1.0609,4.1209,0.0009,4e+10,4e+10,0.0009,1.0609,0.0009,4e+10,4e+10,4.1209,1.0609,1.0609,0.0009,1.0609,0.0009,9.1809,1.0609,0.0009,0.0009,9.1809,4.1209,1.0609,0.0009,0.0009,0.0009,0.0009,0.0009,1.0609],
[1.2769,4.5369,0.0169,4.5369,9.7969,0.0169,1.2769,4e+10,0.0169,1.2769,4.5369,1.2769,1.2769,4e+10,1.2769,0.0169,9.7969,1.2769,0.0169,0.0169,9.7969,4.5369,1.2769,0.0169,0.0169,0.0169,0.0169,0.0169,1.2769],
[1.0404,4e+10,0.0004,4.0804,9.1204,0.0004,1.0404,0.0004,0.0004,1.0404,4.0804,1.0404,4e+10,0.0004,1.0404,0.0004,9.1204,4e+10,4e+10,0.0004,4e+10,4.0804,1.0404,0.0004,4e+10,0.0004,0.0004,0.0004,1.0404],
[4e+10,4.6656,0.0256,4e+10,4e+10,0.0256,1.3456,0.0256,0.0256,1.3456,4.6656,1.3456,1.3456,0.0256,1.3456,0.0256,9.9856,1.3456,0.0256,4e+10,9.9856,4.6656,1.3456,4e+10,0.0256,4e+10,4e+10,0.0256,1.3456],
[1.1236,4.2436,0.0036,4.2436,9.3636,0.0036,4e+10,0.0036,0.0036,1.1236,4.2436,1.1236,1.1236,0.0036,1.1236,0.0036,9.3636,1.1236,4e+10,0.0036,9.3636,4.2436,1.1236,0.0036,0.0036,0.0036,0.0036,4e+10,1.1236],
[1.2321,4.4521,0.0121,4.4521,4e+10,0.0121,4e+10,0.0121,0.0121,1.2321,4.4521,1.2321,1.2321,0.0121,1.2321,4e+10,9.6721,1.2321,0.0121,0.0121,9.6721,4e+10,1.2321,0.0121,4e+10,0.0121,0.0121,0.0121,1.2321],
[1.1449,4.2849,0.0049,4.2849,9.4249,0.0049,1.1449,0.0049,0.0049,1.1449,4.2849,1.1449,1.1449,0.0049,1.1449,0.0049,9.4249,1.1449,0.0049,0.0049,9.4249,4.2849,1.1449,0.0049,0.0049,0.0049,0.0049,0.0049,1.1449],
[1.1664,4.3264,0.0064,4.3264,9.4864,0.0064,4e+10,4e+10,0.0064,1.1664,4.3264,4e+10,1.1664,0.0064,1.1664,0.0064,9.4864,1.1664,0.0064,0.0064,4e+10,4e+10,1.1664,0.0064,0.0064,0.0064,4e+10,0.0064,1.1664],
[1.0404,4.0804,0.0004,4.0804,9.1204,0.0004,1.0404,0.0004,0.0004,1.0404,4.0804,1.0404,1.0404,0.0004,1.0404,0.0004,4e+10,1.0404,0.0004,0.0004,9.1204,4.0804,1.0404,0.0004,0.0004,4e+10,0.0004,0.0004,1.0404],
[1.0404,4.0804,0.0004,4.0804,9.1204,0.0004,1.0404,4e+10,0.0004,1.0404,4.0804,4e+10,1.0404,0.0004,4e+10,0.0004,9.1204,1.0404,0.0004,0.0004,9.1204,4.0804,1.0404,0.0004,0.0004,0.0004,0.0004,0.0004,1.0404],
[1.0201,4.0401,0.0001,4.0401,9.0601,0.0001,1.0201,0.0001,0.0001,1.0201,4e+10,1.0201,1.0201,0.0001,1.0201,0.0001,9.0601,1.0201,0.0001,0.0001,9.0601,4.0401,1.0201,0.0001,0.0001,0.0001,0.0001,0.0001,1.0201],
[1.2769,4.5369,0.0169,4.5369,9.7969,0.0169,1.2769,0.0169,0.0169,1.2769,4e+10,1.2769,1.2769,0.0169,1.2769,0.0169,9.7969,1.2769,0.0169,0.0169,9.7969,4.5369,1.2769,0.0169,4e+10,0.0169,0.0169,0.0169,1.2769],
[4e+10,4e+10,0.0009,4.1209,9.1809,4e+10,1.0609,0.0009,0.0009,1.0609,4e+10,1.0609,1.0609,0.0009,4e+10,0.0009,9.1809,1.0609,0.0009,0.0009,9.1809,4.1209,1.0609,0.0009,0.0009,0.0009,0.0009,0.0009,1.0609],
[1.0816,4.1616,0.0016,4.1616,9.2416,0.0016,1.0816,0.0016,0.0016,1.0816,4.1616,1.0816,1.0816,0.0016,1.0816,0.0016,9.2416,1.0816,0.0016,0.0016,9.2416,4.1616,4e+10,0.0016,0.0016,0.0016,0.0016,0.0016,1.0816]]
1,3
1,25
2,6
2,26
3,4
4,5
5,8
5,13
6,8
7,9
7,12
7,25
8,11
8,16
9,10
10,14
10,15
11,17
12,15
13,17
14,16
15,19
16,18
17,20
18,22
19,21
20,23
21,22
22,23
23,24
23,28
24,29
25,29
26,27
27,29
28,29
-1,-1