34
10
29
5
[[7,19,15,5,12,10,8,16,2,6,21,10,9,4,14,7,14,17,10,16,1,9,25,14,14,2,10,7,20],
[8,20,16,6,13,11,9,17,3,7,22,11,10,5,15,8,15,18,11,17,2,10,26,15,15,3,11,8,21],
[8,20,16,6,13,11,9,17,3,7,22,11,10,5,15,8,15,18,11,17,2,10,26,15,15,3,11,8,21],
[8,20,16,6,13,11,9,17,3,7,22,11,10,5,15,8,15,18,11,17,2,10,26,15,15,3,11,8,21],
[8,20,16,6,13,11,9,17,3,7,22,11,10,5,15,8,15,18,11,17,2,10,26,15,15,3,11,8,21]]
[[1,4,4e+10,4,4e+10,0,4e+10,0,0,1,4,4e+10,4e+10,0,1,0,9,1,4e+10,0,9,4e+10,1,4e+10,0,0,0,4e+10,4e+10],
[1.2769,4.5369,0.0169,4.5369,0,0.0169,1.2769,0.0169,0.0169,1.2769,4.5369,1.2769,1.2769,0.0169,1.2769,0.0169,9.7969,1.2769,0.0169,0.0169,9.7969,4.5369,1.2769,4e+10,0.0169,0.0169,0.0169,0.0169,0],
[1.3456,4.6656,0.0256,4.6656,4.00001e+10,0.0256,0,0.0256,0.0256,1.3456,4.6656,1.3456,1.3456,0.0256,1.3456,0.0256,9.9856,1.3456,0.0256,4e+10,9.9856,4.6656,1.3456,0,0.0256,0.0256,0.0256,0.0256,4.00001e+10],
[1.2996,4.5796,0,4.5796,4.00001e+10,0.0196,4.00001e+10,0.0196,0.0196,1.2996,4.5796,0,0,0.0196,4e+10,0.0196,9.8596,1.2996,0.0196,0.0196,9.8596,0,1.2996,4.00001e+10,0.0196,0.0196,0.0196,0,4.00001e+10],
[1.0816,4.1616,4e+10,4.1616,4e+10,0.0016,4e+10,0.0016,0.0016,1.0816,4.1616,4e+10,4e+10,0.0016,1.0816,0.0016,9.2416,4e+10,0,0.0016,9.2416,4e+10,1.0816,4e+10,0.0016,0.0016,0.0016,4e+10,4e+10]]
1,3
1,25
2,6
2,26
3,4
4,5
5,8
5,13
6,8
7,9
7,12
7,25
8,11
8,16
9,10
10,14
10,15
11,17
12,15
13,17
14,16
15,19
16,18
17,20
18,22
19,21
20,23
21,22
22,23
23,24
23,28
24,29
25,29
26,27
27,29
28,29
-1,-1