1	0	99.6821  99.9604  99.9377  100  97.481  96.612  96.6077  99.9108  98.3512  98.5274  99.5443  99.3427  99.524  98.5969  99.9792  99.0776  99.6821  99.9832  98.6957  99.9931  99.24  Min: 96.6077
1	0	100  99.9997  99.9377  99.8712  98.3245  98.175  100  100  99.3237  99.1129  98.1177  96.8567  99.7794  99.9468  99.9998  96.9566  97.4514  96.5928  98.6957  99.9931  99.24  Min: 96.5928
1	0	99.6821  99.9377  99.9991  99.8712  99.9045  98.635  97.2373  99.9802  99.7504  99.0738  99.7067  99.976  98.5969  98.8624  98.9126  98.5273  99.9872  99.8133  98.6957  99.9931  99.24  Min: 97.2373
1	Infeasible
2	0	100  99.9845  99.6402  99.5707  99.9905  99.6985  99.8512  99.9991  99.4625  99.8167  99.988  99.8733  99.9365  99.8773  99.6733  99.3986  99.259  99.7217  99.3889  99.5707  99.2099  99.2824  99.9984  99.9323  99.9994  99.9919  99.646  Min: 99.2099
2	0	100  99.9954  99.7348  99.7305  99.7882  99.6985  99.6985  99.9217  99.7513  99.7916  99.8733  99.7217  99.988  99.8167  99.988  99.9375  99.9501  99.983  99.9835  99.9725  99.994  99.7172  99.7473  99.7391  99.7513  99.7262  99.7473  Min: 99.6985
2	0	100  99.2098  99.9905  99.5707  99.9985  99.6985  99.9986  99.4625  99.8753  99.3889  99.9476  99.8753  99.6733  99.9166  99.9853  99.9729  99.5423  99.988  99.9626  99.8362  99.7668  99.2224  99.9906  99.8414  99.4625  99.8904  99.6626  Min: 99.2098
2	0	100  99.9997  99.5707  99.7305  99.7217  99.504  99.6985  99.6985  99.4711  99.4625  99.8439  99.6038  99.9999  99.9762  99.988  99.9476  99.9375  99.9827  99.9554  99.496  99.5567  99.7668  99.8692  99.7553  99.9711  99.8671  99.7553  Min: 99.4625
2	1	100  99.9845  99.763  99.5843  99.8972  99.7513  99.6985  99.6285  99.9923  99.9895  99.6733  99.8972  99.8196  99.9365  99.7668  99.8107  99.8733  99.8988  99.9937  99.6516  99.9993  99.9066  99.9509  99.8713  99.668  99.8137  99.763  Min: 99.5843
2	2	100  99.7668  99.9998  99.8773  99.8733  99.8904  99.6985  99.8439  99.9729  99.6572  99.999  99.9205  99.9066  99.7949  99.8812  99.6733  99.9066  99.9773  99.9649  99.7513  99.902  99.8077  99.6936  99.708  99.6936  99.6836  99.7882  Min: 99.6572
2	Infeasible
3	0	79.0361  74.9581  75.8515  79.5172  78.6291  89.5661  74.8422  73.6668  70.8321  78.5191  72.6073  84.2656  79.4944  75.3364  77.045  Min: 70.8321
3	0	82.0856  76.7652  86.3796  74.8992  77.8748  75.2247  74.8159  74.1741  75.2976  79.4944  74.8575  76.8077  75.2703  80.1894  74.8159  Min: 74.1741
3	0	75.2551  72.0625  76.0667  86.163  75.2712  72.5202  79.3784  81.4035  80.156  79.0562  76.2104  78.8194  77.9447  79.4944  75.1181  Min: 72.0625
3	0	76.3344  76.6164  79.9428  76.1313  83.7908  76.789  81.3424  76.1413  77.7803  76.2173  75.9617  75.5263  78.72  79.4944  76.3994  Min: 75.5263
3	Infeasible
4	0	99.4927  95.4851  96.6378  97.0543  99.1782  Min: 95.4851
4	0	99.4927  95.4851  96.6378  97.0543  99.1782  Min: 95.4851
4	0	99.4927  95.4851  96.6378  97.0543  99.1782  Min: 95.4851
5	0	94.3686  97.926  93.8414  95.0958  94.0097  97.0531  94.8472  97.3401  95.8512  96.9388  96.3021  96.6941  96.51  95.19  Min: 93.8414
5	0	96.8463  94.4544  97.3729  94.6757  95.1845  94.7852  94.4173  97.8049  94.1594  96.7292  96.9388  96.3021  96.9766  95.19  Min: 94.1594
5	0	94.3686  94.1214  97.3729  97.599  97.6507  95.0958  94.0097  94.4173  94.1594  97.6276  96.9388  96.3021  96.9766  95.19  Min: 94.0097
5	Infeasible
5	1	94.5381  94.6757  96.1412  95.8485  95.2416  97.0531  95.1824  96.4063  94.1594  97.3114  96.9388  96.3021  96.9766  95.19  Min: 94.1594
5	Infeasible
5	Infeasible
5	Infeasible
6	0	91.9181  96.9479  98.1374  94.9354  99.1913  93.7236  97.6311  94.1139  92.8576  95.6665  96.4395  97.0928  94.2505  94.8721  99.7447  Min: 91.9181
6	0	93.838  94.8915  98.3334  95.3838  98.5272  95.9352  93.7598  97.6311  96.8621  96.1214  95.8151  92.804  94.2505  94.8721  99.5465  Min: 92.804
6	0	93.838  96.7005  97.6242  96.4506  97.3996  94.1321  97.6311  96.8621  92.1194  95.6665  97.0928  94.8118  94.8721  94.2505  99.5465  Min: 92.1194
6	0	93.1344  94.7971  96.3971  98.3334  97.3923  93.7598  96.8621  97.6311  94.8993  97.7632  95.8151  93.1041  94.2505  94.8721  99.5465  Min: 93.1041
6	1	93.506  97.0352  93.966  98.5272  95.6227  96.8621  97.1156  95.0098  94.1733  94.4045  98.8579  94.4943  94.2505  94.8721  99.5465  Min: 93.506
6	2	93.838  93.7764  99.1913  96.6193  96.7005  98.1124  93.7236  97.6311  94.1139  94.1041  97.2571  94.5661  94.2505  94.8721  99.5465  Min: 93.7236
6	3	93.838  96.5194  95.8377  93.9091  97.6597  94.1321  97.6311  96.6193  96.8621  95.8132  95.8151  95.9884  94.8721  94.2505  99.5465  Min: 93.838
7	0	99.9855  88.9789  95.1445  95.7531  99.9718  99.9864  88.9156  99.9998  100  99.9996  Min: 88.9156
7	0	99.9982  90.6133  95.1445  86.8653  99.6517  99.9964  88.9156  99.9994  100  99.9996  Min: 86.8653
7	0	99.9982  90.6133  95.1445  95.2417  99.8291  99.9795  88.9156  100  100  99.9998  Min: 88.9156
8	0	83.7533  88.7845  91.8952  82.5453  87.3118  78.32  87.0409  76.7949  Min: 76.7949
8	0	81.911  83.0451  85.2553  87.5002  88.4764  83.0673  87.2195  80.2168  Min: 80.2168
8	0	84.3961  88.729  87.6888  85.9409  92.6949  83.0451  78.0851  76.532  Min: 76.532
8	0	89.5074  84.7229  86.8725  82.8621  83.0451  83.0693  83.0673  83.4499  Min: 82.8621
8	Infeasible
8	2	84.4082  84.9966  84.9612  85.2387  84.6395  84.3776  84.6681  84.498  Min: 84.3776
8	Infeasible
8	Infeasible
8	5	84.7229  84.9966  84.8238  84.5533  84.5449  84.5351  84.7359  84.8098  Min: 84.5351
8	Infeasible
8	Infeasible
8	Infeasible
9	0	98.6196  99.4217  99.0545  99.2805  99.8034  99.3436  99.7485  99.6765  Min: 98.6196
9	0	98.8067  99.4994  99.0545  99.0267  99.5029  100  99.3436  99.6765  Min: 98.8067
9	0	98.8067  99.4217  99.0545  98.5542  99.8034  99.7485  99.3436  99.6765  Min: 98.5542
9	0	98.8067  99.0545  99.4217  99.1083  99.2032  99.8034  99.3436  99.6765  Min: 98.8067
10	0	99.0013  99.61  98.6917  99.0013  99.2528  98.8256  99.411  98.5802  Min: 98.5802
10	0	99.0013  99.61  98.6917  99.0013  98.8256  99.2528  99.411  98.5802  Min: 98.5802
10	0	99.0013  98.6917  99.61  99.0013  98.7386  99.411  99.3331  98.5802  Min: 98.5802
11	0	91.2062  94.2405  95.0776  96.8456  93.1749  90.6071  93.0199  94.3786  94.8472  93.0704  86.437  Min: 86.437
11	0	91.9656  91.8059  91.8591  92.1194  93.3711  92.4823  93.0199  91.7705  91.939  94.8089  96.8201  Min: 91.7705
11	0	91.7432  92.4081  95.0503  93.0199  93.4305  95.0835  94.9507  92.2152  94.0516  92.4605  89.1507  Min: 89.1507
11	0	91.3713  93.2629  93.8328  92.804  94.7951  96.7364  91.5845  93.0199  91.2011  94.0533  90.3613  Min: 90.3613
11	1	91.9656  91.8139  93.6807  92.4471  93.4925  93.0199  92.0633  93.5385  92.4081  91.6948  96.8201  Min: 91.6948
11	2	92.9202  92.3841  92.679  92.5225  92.5985  92.518  93.0199  92.5448  92.3841  92.4667  96.8201  Min: 92.3841
11	Infeasible
11	Infeasible
11	Infeasible
12	0	99.8934  90.5329  79.9654  99.2728  97.2099  99.5631  89.4809  99.8375  98.9077  99.5293  99.9443  99.9999  Min: 79.9654
12	0	98.5891  79.9654  99.0314  99.6369  99.2728  90.5947  96.8308  99.8513  99.9443  98.9077  99.5293  99.9999  Min: 79.9654
12	0	99.8934  99.6228  99.9465  99.9756  79.9654  99.127  99.8997  99.2717  97.3268  98.9077  97.3011  99.7705  Min: 79.9654
13	0	91.1975  91.5429  91.3324  90.8349  92.6326  90.6673  87.4984  89.0776  95.3243  89.2352  91.4574  84.7704  86.4755  89.2305  88.8706  89.4387  90.7562  96.4222  93.3617  96.566  78.046  87.7822  87.3146  Min: 78.046
13	0	91.1975  90.591  93.6217  90.8349  91.2154  90.6673  95.3243  88.0218  87.8469  90.3677  91.0402  84.7704  86.4755  88.7752  90.1116  89.4387  88.8677  94.2163  93.0768  96.566  94.8469  95.7428  87.3146  Min: 84.7704
13	0	91.1975  91.5634  91.3013  90.8349  92.6326  90.6673  88.0218  95.3243  89.0776  87.6891  91.0402  85.2172  88.8889  89.0025  89.9046  89.4387  92.5424  93.4488  94.9789  94.7009  78.046  87.7822  87.3146  Min: 78.046
13	0	91.1975  91.5634  91.3013  90.8349  92.6326  90.9652  91.1501  88.1886  95.3243  87.6119  91.0402  84.0288  86.4755  89.0025  88.6395  90.3347  88.8677  94.2163  93.9684  95.5042  84.0084  87.7822  87.3146  Min: 84.0084
13	Infeasible
13	Infeasible
13	Infeasible
13	Infeasible
13	Infeasible
13	Infeasible
13	Infeasible
13	Infeasible
13	Infeasible
14	0	92.2325  91.9031  91.4224  94.5552  Min: 91.4224
14	0	92.2325  91.4224  91.9031  94.5552  Min: 91.4224
14	0	92.2325  91.4224  91.9031  94.5552  Min: 91.4224
14	Infeasible
14	Infeasible
14	Infeasible
14	Infeasible
14	Infeasible
15	0	98.334  98.5057  99.4913  99.6713  99.6575  99.4994  Min: 98.334
15	0	99.5073  98.5057  98.5057  99.4994  99.4913  99.6713  Min: 98.5057
15	0	99.5073  98.5057  99.6713  98.5057  99.4994  99.4913  Min: 98.5057
15	0	99.5073  98.5057  99.4994  98.5057  99.4913  99.6713  Min: 98.5057
16	0	98.9526  97.0348  97.2693  98.0127  97.4725  97.2253  96.7863  98.6027  Min: 96.7863
16	0	98.9526  97.0348  97.5167  97.4627  97.5603  97.6383  96.7863  98.3865  Min: 96.7863
16	0	98.9526  97.0348  97.2693  97.8142  97.0446  97.8452  96.7863  98.6027  Min: 96.7863
17	0	81.717  82.9848  89.887  94.9924  74.1572  79.8645  78.4262  81.9022  75.5789  81.4552  80.8062  83.0952  84.1153  81.57  90.1832  92.6527  90.1574  88.2415  81.2129  88.8084  88.5419  88.9993  92.6363  86.8158  79.9222  67.4253  Min: 67.4253
17	0	81.717  84.4142  85.565  89.1661  77.8048  82.6398  76.371  83.0992  77.3266  77.9695  85.2772  85.4464  92.6527  87.1613  80.9395  85.297  88.3631  82.4929  88.5938  87.0808  84.0148  95.5823  92.6363  86.8158  73.6045  74.8346  Min: 73.6045
17	0	81.717  84.4142  85.565  89.1661  80.5774  75.355  82.5298  76.7973  77.7018  82.6808  86.6928  81.594  88.3535  87.9778  80.4646  88.0693  92.6527  87.7548  92.9904  87.0808  83.8667  88.9993  92.6363  86.8158  73.6045  74.8346  Min: 73.6045
17	Infeasible
17	1	81.717  81.2542  85.1397  92.0426  84.3538  76.8871  93.0016  84.3987  76.2262  90.2162  82.2762  82.6947  85.5342  80.9989  88.9752  85.5935  75.8405  92.6527  83.439  81.2748  84.655  88.9993  92.6363  86.8158  73.6045  74.8346  Min: 73.6045
17	Infeasible
17	Infeasible
17	Infeasible
17	Infeasible
17	Infeasible
17	Infeasible
18	0	98.3174  97.9317  97.772  98.7109  97.3069  97.2157  97.8632  98.2899  99.0644  98.7677  Min: 97.2157
18	0	98.3174  97.9317  97.772  97.3069  98.7109  97.8632  98.6098  97.2157  99.1933  98.2734  Min: 97.2157
18	0	98.3174  97.9317  97.772  97.3069  98.7109  97.2157  97.414  98.7395  99.05  98.7483  Min: 97.2157
19	0	97.4358  97.5615  97.4672  97.0628  97.8831  97.5702  96.2536  96.6034  95.9515  98.0158  95.2858  95.7064  95.9051  96.8046  Min: 95.2858
19	0	96.4185  98.2541  96.7437  97.9497  97.5702  96.0067  97.7222  97.2096  98.0158  95.9515  95.2858  95.7064  95.9051  96.8046  Min: 95.2858
19	0	98.2899  96.7437  97.9497  97.7789  97.3006  97.2096  95.9515  96.2536  94.4853  94.5463  98.0158  98.1772  95.9051  96.8046  Min: 94.4853
19	Infeasible
19	1	98.2899  96.7437  97.9497  97.5702  97.5104  97.3006  96.2926  95.7449  96.2736  97.8874  95.4513  95.7064  95.9051  96.8046  Min: 95.4513
19	2	96.5296  96.2452  98.0899  96.4253  97.9497  97.5702  95.9515  96.7626  95.483  97.8874  98.2997  95.7064  95.9051  96.8046  Min: 95.483
20	0	80.0236  76.0605  71.9586  87.5719  89.1089  89.5715  93.3734  83.7262  76.9808  88.6656  77.8963  87.1894  79.3752  90.2883  89.4705  76.7989  79.712  89.751  85.7206  85.8664  85.4619  71.7297  84.9786  Min: 71.7297
20	0	88.0403  82.312  76.0605  83.7262  77.3072  85.8222  86.1933  91.9449  90.3918  84.7839  77.8963  89.4705  87.1894  84.1327  74.729  75.627  90.8172  86.5655  82.1619  81.9411  72.3129  89.751  85.3535  Min: 72.3129
20	0	86.1775  84.4142  82.5398  69.1497  79.6256  87.8761  93.3734  83.7262  87.6252  78.5313  77.8963  81.3858  87.1894  81.1651  89.4054  80.503  89.751  88.8313  77.847  87.1579  86.1933  79.2976  83.6556  Min: 69.1497
20	0	80.352  79.7512  77.3072  87.8114  80.1182  83.7262  90.0868  90.4653  76.9808  87.8606  77.8963  89.6623  85.2245  87.1894  83.1915  79.0437  81.9963  84.5062  88.145  88.7736  84.0315  75.5258  86.5013  Min: 75.5258
20	1	80.6185  80.0606  77.3072  83.9563  86.0695  89.5535  93.3734  83.7262  77.5499  87.6252  78.5313  82.4938  87.1894  92.0904  78.2208  81.2402  78.8638  89.751  88.2533  76.6485  83.8371  86.5655  82.4752  Min: 76.6485
20	2	88.5539  79.1476  83.7262  84.5422  84.5736  90.0245  91.9449  77.3072  77.0363  92.5841  82.9056  77.8963  87.1894  89.4705  77.4296  81.6878  77.8277  82.3087  87.0673  78.0536  78.0643  89.751  84.9786  Min: 77.0363
20	3	84.0202  86.4992  80.5446  77.3072  78.9707  87.5648  78.5259  88.7967  84.7839  90.3918  82.4938  87.1894  84.1327  90.4538  82.153  78.9643  78.9861  81.6431  86.5655  79.0931  89.751  86.8652  79.9753  Min: 77.3072
21	0	95.4977  97.9167  96.6886  96.1755  97.0356  96.0762  95.9701  94.5817  97.2505  94.2068  98.6755  96.7104  96.4799  97.5055  97.8285  98.6776  95.4767  96.718  98.7525  95.7571  97.2849  94.6777  94.9581  99.374  95.1607  97.0407  98.5902  94.5817  98.5294  94.2068  97.3691  96.7874  97.7676  96.0762  96.718  98.0278  98.1359  97.0407  97.7676  96.718  98.6725  98.5057  95.7158  93.4923  95.4767  95.6169  99.374  95.7571  96.3095  98.3437  97.6898  96.3095  98.6725  97.5473  96.3965  97.6898  98.0161  95.4977  95.2341  97.8026  98.2412  98.1354  97.5994  Min: 93.4923
21	0	95.4977  97.9167  96.1755  96.5164  96.0762  96.5165  94.2068  95.4977  94.5817  98.6755  97.7508  96.8721  96.4799  97.5055  98.6776  95.7571  94.9581  96.718  97.3905  98.8405  94.5817  98.6725  95.7571  96.718  96.6886  98.5902  97.5473  96.6261  97.7676  98.7525  95.4767  98.5057  94.6777  96.718  96.0174  95.1607  97.0407  93.8333  97.7676  98.4434  98.7525  97.0407  98.4434  98.0278  98.0161  98.4434  97.6898  96.0762  95.9051  98.1354  97.3691  95.7158  96.3095  97.6898  94.8001  93.4923  96.3095  98.2412  98.3437  98.2673  97.0407  99.374  95.2341  Min: 93.4923
21	0	95.4977  97.9167  96.6886  94.2068  96.0762  96.1755  97.1747  95.4767  96.5165  98.6755  97.0356  96.718  94.6777  96.9142  94.5817  97.2505  96.4799  98.5057  98.7525  95.7571  97.7676  97.5055  98.6725  98.3884  98.5902  95.4977  97.5134  96.718  97.5473  96.0174  97.7676  98.2819  98.2412  96.0762  94.5817  95.7571  98.7525  97.0407  93.8333  96.3965  96.3095  95.7158  97.0407  96.9723  98.0278  97.3691  96.3095  95.1607  94.9581  97.0407  99.374  98.6725  97.6097  96.718  98.4434  96.6455  97.6898  98.3437  96.718  97.6898  98.1354  93.4923  96.718  Min: 93.4923
