1	0	99.8165  97.8599  86.3758  74.9074  99.9851  99.136  94.0886  89.9579  56.061  73.2599  100  99.8282  99.9879  100  Min: 56.061
1	0	100  96.8399  99.9995  99.989  85.7033  86.1551  99.9999  99.9962  99.8932  84.2578  84.2578  86.3758  99.939  99.8844  Min: 84.2578
1	0	99.8165  99.9286  99.9399  99.9376  99.9362  99.9436  99.9381  99.9431  99.9314  99.9411  99.9439  99.9414  99.9452  99.8844  Min: 99.8165
1	0	99.8165  100  94.5446  80.618  99.3978  100  99.7113  78.6419  87.8242  99.9975  98.5614  99.9587  99.9611  99.8844  Min: 78.6419
1	1	99.8165  99.9933  99.7989  99.8984  89.4624  99.9072  99.1331  99.9996  99.9998  99.9935  95.2788  99.9762  99.5435  99.8844  Min: 89.4624
1	2	99.8165  99.9994  99.8312  99.9995  99.9932  99.8301  99.8947  96.4638  95.7133  99.8037  99.9975  99.1799  99.939  99.8844  Min: 95.7133
1	3	99.8165  99.9933  99.7989  99.373  99.9804  99.7204  99.9507  99.794  99.9975  99.9227  99.9546  99.8506  99.9611  99.8844  Min: 99.373
1	4	99.8165  99.9286  99.9999  99.6979  99.9439  99.8932  99.8152  99.9412  99.7694  99.9162  99.9482  99.9414  99.7637  99.8844  Min: 99.6979
1	Infeasible
2	0	9.22171  60.5546  21.4167  99.9342  99.9943  99.9993  99.8105  99.1849  98.3497  100  70.9111  99.988  80.5155  100  99.488  99.7125  20.1473  35.1666  99.8557  99.7125  43.8768  Min: 9.22171
2	0	99.9993  99.4628  99.6885  99.6163  99.7703  99.4363  99.6625  99.488  99.5496  99.4272  99.512  99.4272  99.7079  99.5041  99.8043  99.851  99.5041  99.6515  99.4272  99.488  99.4797  Min: 99.4272
2	0	93.9538  99.7776  99.7776  99.7389  99.6935  99.7471  99.7171  99.7776  99.743  99.7471  99.7776  99.6679  99.759  99.7776  99.7628  99.7776  99.7389  99.7628  99.7216  99.5974  99.7776  Min: 93.9538
2	0	100  99.5708  95.8848  60.5546  100  97.7977  71.3735  92.6713  84.4321  98.7231  99.924  98.7434  70.9111  99.6885  100  64.7413  67.9743  86.3059  99.9992  99.9986  61.1817  Min: 60.5546
2	1	93.9538  91.3971  87.1563  99.9977  98.1239  99.7171  95.682  99.976  99.9972  97.4148  100  99.9412  98.5249  96.8664  99.9887  96.078  99.5041  99.4452  96.4377  84.1806  82.5835  Min: 82.5835
2	2	93.9538  92.7879  99.9921  94.1445  100  99.958  99.9857  93.9538  92.7879  95.4693  99.9995  99.9228  91.5339  92.5529  92.5528  96.9163  100  97.2874  98.8947  92.3103  99.1849  Min: 91.5339
2	3	100  98.4272  98.7025  99.2106  99.8866  99.7171  97.7977  99.7079  97.6519  98.9466  98.296  100  99.987  99.4179  99.0881  96.6049  98.4018  97.4559  98.212  95.9502  98.4523  Min: 95.9502
2	4	99.9993  98.4272  99.9921  99.6402  98.0936  99.4541  99.9164  98.296  98.5715  99.9866  99.3989  98.7434  98.9466  99.8194  98.9123  98.6602  99.2355  99.8194  99.9122  99.5568  99.1979  Min: 98.0936
2	Infeasible
3	0	40.2498  55.9169  46.8134  39.7564  41.4327  48.4179  45.7583  52.2884  Min: 39.7564
3	0	47.1529  45.4344  45.4072  47.1397  46.2827  45.4208  46.3497  45.439  Min: 45.4072
3	0	37.5639  37.1668  53.5627  39.6769  64.4636  48.1905  45.8202  48.1957  Min: 37.1668
3	Infeasible
3	Infeasible
3	Infeasible
3	3	43.7231  43.5526  51.1069  46.9494  47.5875  47.1187  44.9239  44.6721  Min: 43.5526
3	4	45.4114  45.4117  45.4117  45.4253  45.4344  45.4108  47.9026  48.9241  Min: 45.4108
3	Infeasible
3	Infeasible
4	0	94.9519  94.7346  98.493  Min: 94.7346
4	0	94.9519  95.7597  97.6374  Min: 94.9519
4	0	94.9519  95.7597  97.6374  Min: 94.9519
4	Infeasible
4	Infeasible
4	2	94.9519  95.7597  97.6374  Min: 94.9519
4	Infeasible
4	Infeasible
4	Infeasible
5	0	94.4139  90.8934  96.0309  92.4518  93.5969  92.7978  95.2378  97.6109  95.2581  92.7002  Min: 90.8934
5	0	93.8596  93.7678  93.696  93.8336  93.0345  96.7678  93.398  94.7811  94.9199  92.9229  Min: 92.9229
5	0	93.4053  97.2293  91.5356  95.4851  92.4518  93.0345  97.3034  92.6611  95.2581  92.7002  Min: 91.5356
5	Infeasible
5	1	93.4018  92.173  95.868  93.8336  93.957  95.9637  93.398  94.7811  94.9199  92.9229  Min: 92.173
5	2	93.8596  92.8486  94.9363  92.7017  93.0444  92.7978  95.2086  97.6109  95.2581  92.7002  Min: 92.7002
5	3	93.8596  93.3181  94.1594  92.9787  93.957  96.128  93.398  94.7811  95.4785  92.9229  Min: 92.9229
5	Infeasible
5	Infeasible
5	Infeasible
5	Infeasible
6	0	88.8105  93.2366  94.3431  93.5008  92.7743  94.167  93.4728  94.299  93.828  95.1168  Min: 88.8105
6	0	92.8891  93.8099  93.6592  94.299  92.2563  93.6318  93.398  93.6224  92.2378  93.9928  Min: 92.2378
6	0	88.8105  94.7271  94.3431  95.2337  94.4673  93.8868  92.7743  94.2411  92.2378  93.9928  Min: 88.8105
6	0	92.5256  94.1594  93.6592  92.2563  93.2394  94.299  93.2767  93.7911  92.8672  93.7197  Min: 92.2563
6	Infeasible
6	Infeasible
6	3	92.8891  93.8099  93.6592  93.1648  92.6446  93.4728  93.6224  94.2236  93.2015  93.1369  Min: 92.6446
6	Infeasible
6	Infeasible
6	Infeasible
6	Infeasible
7	0	77.9836  72.7155  92.1756  80.6913  35.7543  36.3577  Min: 35.7543
7	0	77.9836  72.7155  92.1756  80.6913  35.7543  36.3577  Min: 35.7543
7	0	77.9836  72.7155  87.8372  87.5182  35.7543  36.3577  Min: 35.7543
7	Infeasible
7	Infeasible
7	Infeasible
7	Infeasible
7	Infeasible
7	Infeasible
7	Infeasible
7	Infeasible
7	Infeasible
7	Infeasible
7	Infeasible
7	Infeasible
8	0	69.8514  73.5105  72.5724  74.9162  82.8659  Min: 69.8514
8	0	75.6494  73.9552  73.271  70.9431  79.8236  Min: 70.9431
8	0	75.0222  78.277  83.4571  66.6928  72.4633  Min: 66.6928
8	Infeasible
8	Infeasible
8	2	73.7028  74.8555  75.3411  77.4072  74.851  Min: 73.7028
8	3	75.9047  75.2315  75.5408  75.3036  75.2975  Min: 75.2315
8	Infeasible
8	Infeasible
8	6	75.4726  75.5105  75.9751  75.5818  75.6045  Min: 75.4726
8	Infeasible
8	Infeasible
9	0	98.0199  99.648  98.9852  98.2947  99.4113  Min: 98.0199
9	0	98.4089  99.286  98.9852  98.2947  99.4113  Min: 98.2947
9	0	98.4089  99.286  98.9852  98.2947  99.4113  Min: 98.2947
9	Infeasible
9	1	98.4089  99.286  98.9852  98.2947  99.4113  Min: 98.2947
9	Infeasible
9	Infeasible
9	Infeasible
10	0	98.5802  98.7329  99.0327  98.1866  99.2763  98.6249  Min: 98.1866
10	0	98.5802  98.7329  98.9501  99.3541  98.1866  98.6249  Min: 98.1866
10	0	99.0327  98.2734  99.0327  98.1866  99.3541  98.5348  Min: 98.1866
10	Infeasible
10	Infeasible
10	Infeasible
10	Infeasible
10	Infeasible
11	0	86.1225  89.5386  89.0638  89.0742  91.0829  88.8341  83.2102  Min: 83.2102
11	0	86.4244  91.4114  87.4765  88.3027  88.3292  88.7187  86.1818  Min: 86.1818
11	0	86.8229  90.9919  88.4883  91.0192  89.7358  87.1447  82.8892  Min: 82.8892
11	Infeasible
11	1	86.6494  89.7807  88.0293  89.0564  90.4928  86.6494  86.1818  Min: 86.1818
11	Infeasible
11	Infeasible
11	Infeasible
11	Infeasible
11	Infeasible
11	Infeasible
11	Infeasible
11	Infeasible
12	0	97.4973  45.0229  44.6727  91.8219  91.2956  96.0995  82.6512  99.5541  86.1697  72.0375  Min: 44.6727
12	0	97.4973  45.0229  44.6727  95.7061  91.8219  91.2956  84.3213  99.5541  90.4461  59.4239  Min: 44.6727
12	0	97.4973  45.0229  82.1043  91.8219  91.2956  88.2975  82.6512  88.5282  99.4287  72.0375  Min: 45.0229
12	Infeasible
12	Infeasible
12	Infeasible
12	Infeasible
12	Infeasible
12	Infeasible
12	Infeasible
12	7	97.4973  91.8219  45.0229  78.654  77.9531  74.1346  69.9121  99.0119  99.4287  72.0375  Min: 45.0229
13	0	82.2177  84.0272  88.5363  78.2783  80.4528  76.4831  79.3635  79.5531  82.7125  84.6115  76.3074  72.9798  Min: 72.9798
13	0	82.6628  83.5832  81.6  81.1073  84.7978  76.676  77.8178  77.8032  82.2064  88.2232  74.8338  74.825  Min: 74.825
13	0	82.6628  82.9706  82.1906  86.8142  79.0762  76.894  78.0282  78.7464  85.9363  81.383  78.1766  72.9798  Min: 72.9798
13	Infeasible
13	Infeasible
13	Infeasible
13	3	80.7429  84.9057  82.1906  81.1073  85.6086  79.4034  74.7854  79.7479  82.7125  85.1462  74.8338  74.825  Min: 74.7854
13	Infeasible
13	Infeasible
13	Infeasible
13	Infeasible
13	8	80.7429  84.9947  82.0042  86.8142  77.4065  77.1129  77.7945  79.7479  82.0124  84.2063  78.3653  74.825  Min: 74.825
13	Infeasible
14	0	88.8785  89.9694  89.9695  Min: 88.8785
14	0	88.8785  89.9694  89.9695  Min: 88.8785
14	0	88.8785  89.9694  89.9695  Min: 88.8785
14	Infeasible
14	Infeasible
14	Infeasible
14	Infeasible
14	Infeasible
14	Infeasible
14	Infeasible
14	Infeasible
15	0	98.3865  98.5528  99.5073  99.3135  99.5151  Min: 98.3865
15	0	98.3865  98.5528  99.6816  99.1338  99.5073  Min: 98.3865
15	0	98.3865  99.3135  99.5151  98.5528  99.5073  Min: 98.3865
15	Infeasible
15	Infeasible
15	Infeasible
15	Infeasible
16	0	97.4822  95.2657  96.2424  96.8797  95.361  Min: 95.2657
16	0	97.4822  95.2657  97.1222  96.0021  95.361  Min: 95.2657
16	0	97.4822  95.2657  96.2424  96.8797  95.361  Min: 95.2657
16	Infeasible
16	Infeasible
16	Infeasible
16	Infeasible
16	Infeasible
16	Infeasible
16	Infeasible
17	0	65.0509  69.9633  56.6884  63.0779  56.3268  70.0263  67.7938  76.5087  59.0669  63.6163  68.8879  76.2937  70.0327  93.9871  Min: 56.3268
17	0	65.0509  59.5294  60.884  68.6808  61.6868  62.4278  70.1103  63.5337  74.2821  69.67  60.7198  76.2937  80.2806  90.8567  Min: 59.5294
17	0	59.357  79.6935  60.1036  60.8353  76.6516  57.9378  61.8907  60.8155  71.0419  63.9096  66.1795  76.2937  87.5694  85.6177  Min: 57.9378
17	Infeasible
17	Infeasible
17	2	65.0509  69.4336  61.5588  61.721  61.5451  62.7382  62.6316  63.1221  71.3409  70.8575  65.8173  76.2937  61.7614  95.3539  Min: 61.5451
17	Infeasible
18	0	96.0886  97.0737  96.4737  95.772  98.0689  97.4934  Min: 95.772
18	0	96.0886  97.0737  96.4737  96.7635  96.6475  97.9067  Min: 96.0886
18	0	96.0886  97.6188  95.9349  95.772  97.1583  98.4127  Min: 95.772
18	Infeasible
18	Infeasible
18	2	96.0886  97.6188  96.9088  96.2039  96.6475  97.4934  Min: 96.0886
18	Infeasible
18	Infeasible
18	Infeasible
19	0	96.4074  96.7388  95.792  96.0444  96.1223  95.5694  93.8474  94.22  95.2029  94.8096  Min: 93.8474
19	0	94.6674  97.2972  96.5219  94.6296  94.6864  96.9573  94.9988  95.1371  95.2029  94.8096  Min: 94.6296
19	0	95.6421  97.1094  97.7143  97.147  95.2489  92.2503  92.6429  97.101  95.2029  94.8096  Min: 92.2503
19	Infeasible
19	1	94.6674  97.0348  96.2452  96.7829  95.5694  95.0373  94.5256  94.9756  95.2029  94.8096  Min: 94.5256
19	Infeasible
19	Infeasible
19	4	94.6674  96.4447  97.3751  94.6296  95.1642  94.7188  96.7926  95.142  95.2029  94.8096  Min: 94.6296
19	5	94.6674  97.0348  96.7829  95.2025  95.0782  94.6436  94.6864  96.7926  95.2029  94.8096  Min: 94.6436
20	0	72.7133  77.7118  67.0655  62.3182  82.1699  77.4924  75.689  74.3651  88.4556  74.5712  83.0074  63.8867  76.4924  85.3466  93.9497  61.073  Min: 61.073
20	0	75.9848  68.6122  73.4548  92.1065  85.1957  74.934  77.0248  68.6507  74.3651  67.0253  76.3182  77.5603  85.0915  79.9556  75.5511  73.7301  Min: 67.0253
20	0	80.9015  71.5715  79.4991  79.0997  88.2379  75.3467  83.3603  72.8083  78.6061  80.1155  75.5158  79.2808  77.3026  73.3692  85.9214  71.3059  Min: 71.3059
20	Infeasible
21	0	96.1015  96.6884  96.6025  97.4332  98.1197  95.2631  94.9838  95.3083  97.6193  96.952  98.0786  96.7102  99.458  97.4376  94.6603  98.1961  97.1582  97.1327  98.7061  96.3262  95.8097  98.9198  98.8531  95.6343  96.1015  97.9996  97.7405  98.7793  97.1116  98.6522  98.3855  96.3262  96.0833  98.2923  98.067  97.1582  97.1582  96.2903  97.722  97.5673  96.8044  98.5658  98.6522  95.3083  98.8505  98.6522  96.2105  97.0954  99.458  96.6025  93.2962  95.2917  97.8762  97.4376  94.8052  98.4771  95.796  98.067  94.365  95.1896  Min: 93.2962
21	0	95.0399  98.1961  94.9838  97.4332  96.1015  95.9116  98.8505  96.9836  98.1197  97.1327  95.5156  97.1582  95.2633  97.4376  95.3083  96.0833  98.9198  98.8531  97.7405  96.3262  98.6522  96.566  94.8052  96.3262  96.952  98.9198  98.5658  96.7102  98.7793  99.458  97.1968  95.6343  94.9838  98.067  98.2923  96.8044  97.9996  97.4376  96.6025  98.067  95.4549  97.1582  97.1582  96.8044  98.2822  94.365  98.6522  97.8762  96.3999  98.6522  98.8505  98.4771  97.1582  99.458  95.3915  97.8562  96.5279  94.1755  95.3083  96.3674  Min: 94.1755
21	0	95.0399  94.9838  98.1961  97.1327  97.4332  96.6025  98.8505  96.9836  97.0786  98.8531  96.6884  93.7651  98.5766  96.0387  96.1015  96.0833  96.3262  98.7061  98.067  95.3083  95.8097  96.566  96.3262  98.1275  97.4376  95.3915  96.952  97.8401  98.067  98.1806  98.0445  98.7793  98.2923  98.0973  97.1582  98.2822  98.3904  95.6343  97.1968  94.9838  95.3083  96.2903  96.8044  96.6025  96.8798  97.9996  97.4376  96.8044  97.1582  97.9996  98.5658  97.8231  98.4771  98.8505  95.7899  98.1068  94.365  97.8762  97.722  97.1582  Min: 93.7651
21	0	96.1015  98.1961  96.6025  98.1197  97.4332  96.1969  97.1327  96.9836  98.8505  98.7061  97.1582  95.3083  96.0833  98.9198  96.1015  96.4824  95.8137  96.7102  96.3262  96.6511  98.9198  96.6025  98.067  94.9838  98.067  98.2509  97.4376  97.722  98.4509  98.2923  98.4771  95.3915  97.4319  94.9838  96.8044  96.8798  97.468  97.4376  95.6343  97.9996  97.4351  97.1582  96.2903  97.1582  96.8044  98.8505  97.1582  97.8762  95.1023  98.6522  95.3083  98.3855  95.8097  94.365  98.6522  98.5658  97.3758  95.6312  97.1582  96.8051  Min: 94.365
