1	0	99.9983  99.98  99.8726  99.7653  99.9999  99.9919  99.9447  99.9061  99.589  99.7499  100  99.9984  99.9999  100  Min: 99.589
1	0	100  99.9704  100  99.9999  99.8663  99.8705  100  100  99.999  100  99.8528  99.8726  99.9994  99.9989  Min: 99.8528
1	0	99.9983  99.9993  99.9994  99.9994  99.9994  99.9994  99.9995  99.9995  99.9994  99.9994  99.9994  99.9994  99.9994  99.9989  Min: 99.9983
1	0	99.9983  99.8065  99.9417  99.999  100  99.9981  100  99.9999  100  99.7991  100  99.9544  99.9931  99.9989  Min: 99.7991
1	1	99.9983  99.9999  99.9998  99.9943  99.982  99.9942  99.9985  99.9147  99.9601  99.9979  99.9161  100  99.9936  100  Min: 99.9147
1	2	99.9983  99.98  100  99.9798  99.9996  99.9962  99.9836  99.9997  99.9999  99.9953  99.9999  99.9921  99.9996  99.9989  Min: 99.9798
1	3	99.9983  100  99.9936  99.9996  100  99.9955  99.9995  99.9957  99.9922  99.9999  99.9974  99.9973  99.9995  99.9989  Min: 99.9922
2	0	99.7786  99.9038  99.8083  99.9998  100  100  99.9995  99.998  99.996  100  99.929  100  99.9525  100  99.9988  99.9993  99.8052  99.8418  99.9996  99.9993  99.8631  Min: 99.7786
2	0	100  99.9987  99.9992  99.9991  99.9994  99.9986  99.9992  99.9988  99.9989  99.9986  99.9988  99.9986  99.9993  99.9988  99.9999  99.9987  99.9988  99.9991  99.9986  99.9988  99.9987  Min: 99.9986
2	0	99.9853  99.9962  99.9995  99.9995  99.9995  99.9995  99.9995  99.9993  99.9994  99.9996  99.9995  99.9995  99.9996  99.9986  99.9993  99.9995  99.9994  99.9993  99.9995  99.9995  99.9993  Min: 99.9853
2	0	99.9853  99.9395  99.9038  99.9255  99.9243  99.9376  99.9302  99.9614  99.9279  99.9939  99.9999  99.914  99.946  99.9154  99.994  100  99.9868  99.9995  100  99.9843  99.9999  Min: 99.9038
2	1	99.9853  99.9939  100  100  99.9992  99.9999  99.9661  99.9626  99.9998  99.9676  100  99.9999  99.9973  99.9972  99.9999  99.9832  99.9998  99.9947  99.9903  99.9966  99.978  Min: 99.9626
2	2	99.9853  99.9862  99.9978  99.9821  99.9993  99.9993  99.9999  99.984  99.9964  99.9982  99.9999  99.9933  100  99.9958  99.9907  99.9853  99.9995  99.985  99.995  99.9998  99.9886  Min: 99.9821
3	0	65.8701  74.8193  69.6194  65.5883  66.5458  70.5359  69.0167  72.7467  Min: 65.5883
3	0	68.8057  69.2983  69.3008  68.8187  68.8161  68.8057  70.8786  68.8342  Min: 68.8057
3	0	63.4062  67.7866  71.8633  73.8414  67.488  66.8612  71.824  72.4706  Min: 63.4062
3	Infeasible
3	Infeasible
3	Infeasible
3	3	67.7502  72.3107  67.8115  67.7579  69.1685  69.3533  72.1994  67.9491  Min: 67.7502
3	4	68.8291  68.8342  68.8576  68.9565  68.92  69.0545  71.7049  68.8638  Min: 68.8291
3	Infeasible
3	6	69.0951  69.1003  69.1607  69.103  69.8207  69.3824  69.1949  69.1003  Min: 69.0951
3	Infeasible
4	0	95.032  94.8182  98.5169  Min: 94.8182
4	0	95.032  95.827  97.6749  Min: 95.032
4	0	95.032  95.827  97.6749  Min: 95.032
4	Infeasible
4	Infeasible
4	2	95.032  95.827  97.6749  Min: 95.032
4	Infeasible
4	Infeasible
4	Infeasible
5	0	94.5026  91.0379  96.0939  92.5717  93.6985  92.9121  95.3134  97.6488  95.3334  92.816  Min: 91.0379
5	0	93.957  93.8667  93.7961  93.9315  93.145  96.8191  93.5028  94.864  95.0006  93.0352  Min: 93.0352
5	0	91.3202  94.3238  92.5717  93.9564  96.1979  96.3851  93.8686  94.864  95.5503  93.0352  Min: 91.3202
5	Infeasible
5	1	93.957  92.518  94.5288  95.4101  93.0901  94.053  97.3462  92.7776  95.3334  92.816  Min: 92.518
5	2	93.5065  92.9621  94.2905  93.0334  93.8248  93.0901  97.6488  94.864  95.5503  93.0352  Min: 92.9621
5	Infeasible
5	4	93.957  93.4241  94.2521  93.9315  93.145  96.8191  93.5028  94.864  95.0006  93.0352  Min: 93.0352
5	Infeasible
5	Infeasible
6	0	89.1629  93.4496  94.5212  93.7055  93.0019  94.3507  93.6783  94.4785  94.0224  95.2706  Min: 89.1629
6	0	93.1131  94.0048  93.8589  94.4785  92.5001  93.8324  93.6059  93.8232  92.4823  94.1819  Min: 92.4823
6	0	89.1629  93.8022  94.6416  94.5212  95.3838  94.0793  93.5336  93.8232  92.5538  94.1819  Min: 89.1629
6	0	92.761  94.3434  93.8589  93.3801  92.8762  94.4785  93.6059  93.8232  93.4156  93.353  Min: 92.761
6	Infeasible
6	Infeasible
6	Infeasible
6	Infeasible
6	5	93.7918  94.3434  93.8589  93.3801  92.8762  93.8232  93.6783  94.4055  93.5357  93.2268  Min: 92.8762
7	0	96.7722  95.9999  98.8529  97.1692  90.5811  90.6696  Min: 90.5811
7	0	96.7722  95.9999  98.8529  97.1692  90.5811  90.6696  Min: 90.5811
7	0	96.7722  95.9999  98.2168  98.1701  90.5811  90.6696  Min: 90.5811
7	Infeasible
7	Infeasible
7	Infeasible
7	Infeasible
7	Infeasible
7	Infeasible
7	Infeasible
7	Infeasible
7	Infeasible
8	0	74.3091  77.4272  76.6277  78.625  85.3993  Min: 74.3091
8	0	79.2498  77.8061  77.2231  75.2393  82.8068  Min: 75.2393
8	0	78.7154  81.4889  85.9031  71.6174  76.5348  Min: 71.6174
8	Infeasible
8	Infeasible
8	2	77.9962  78.1482  82.01  77.9014  77.5691  Min: 77.5691
8	3	79.0992  78.7786  78.931  78.7755  79.1336  Min: 78.7755
8	Infeasible
8	5	79.0992  79.0734  79.2113  79.3024  79.1657  Min: 79.0734
8	Infeasible
8	Infeasible
8	Infeasible
8	9	79.0992  79.1945  79.1302  79.1302  79.1068  Min: 79.0992
9	0	98.0199  99.648  98.9852  98.2947  99.4113  Min: 98.0199
9	0	98.4089  99.286  98.9852  98.2947  99.4113  Min: 98.2947
9	0	98.4089  99.286  98.9852  98.2947  99.4113  Min: 98.2947
9	Infeasible
9	1	98.4089  99.286  98.9852  98.2947  99.4113  Min: 98.2947
9	Infeasible
9	Infeasible
9	Infeasible
10	0	98.5802  98.7329  99.0327  98.1866  99.2763  98.6249  Min: 98.1866
10	0	98.5802  98.7329  98.9501  99.3541  98.1866  98.6249  Min: 98.1866
10	0	99.0327  98.2734  99.0327  98.1866  99.3541  98.5348  Min: 98.1866
10	Infeasible
10	Infeasible
10	Infeasible
10	Infeasible
10	Infeasible
11	0	86.7728  90.0289  89.5763  89.5863  91.5008  89.3574  83.9971  Min: 83.9971
11	0	87.0606  91.8139  88.0634  88.8509  88.8761  89.2474  86.8295  Min: 86.8295
11	0	86.7328  90.723  89.8584  90.8694  93.1041  86.6416  83.1295  Min: 83.1295
11	Infeasible
11	1	87.2751  89.3828  91.31  88.5904  89.5693  87.7721  86.8295  Min: 86.8295
11	Infeasible
11	Infeasible
11	Infeasible
11	Infeasible
11	Infeasible
11	Infeasible
11	Infeasible
11	Infeasible
12	0	99.2582  83.704  83.6002  97.5759  97.4199  98.8438  94.8576  99.8678  95.9005  91.7115  Min: 83.6002
12	0	99.2582  83.704  83.6002  98.7272  97.5759  97.4199  95.3526  99.8678  97.1681  87.9727  Min: 83.6002
12	0	99.2582  83.704  83.6002  98.7272  97.5759  97.4199  95.3526  96.5996  99.8307  91.7115  Min: 83.6002
12	Infeasible
12	Infeasible
12	Infeasible
12	Infeasible
12	Infeasible
12	Infeasible
12	Infeasible
12	7	99.2582  83.704  94.6955  97.5759  97.4199  96.5312  94.8576  96.5996  99.8307  91.7115  Min: 83.704
13	0	83.8454  85.4893  89.5857  80.2666  82.242  78.6358  81.2525  81.4247  84.2949  86.0201  78.4761  75.4531  Min: 75.4531
13	0	84.2498  85.086  83.2843  82.8367  86.1894  78.811  79.8483  79.835  83.8352  89.3012  77.1374  77.1294  Min: 77.1294
13	0	84.2498  84.5294  83.8208  82.065  87.0864  78.811  79.6577  79.883  86.3899  86.682  78.8792  75.4531  Min: 75.4531
13	Infeasible
13	Infeasible
13	Infeasible
13	3	82.5056  86.2874  83.8208  88.0212  79.9557  80.8603  77.0831  82.7801  83.8902  88.3056  77.1374  77.1294  Min: 77.0831
13	Infeasible
13	Infeasible
13	Infeasible
13	Infeasible
13	8	83.8454  85.4893  89.5857  80.2666  82.242  78.6358  79.6577  81.5655  85.951  85.7822  77.1677  77.1294  Min: 77.1294
14	0	89.3997  90.4395  90.4395  Min: 89.3997
14	0	89.3997  90.4395  90.4395  Min: 89.3997
14	0	89.3997  90.4395  90.4395  Min: 89.3997
14	Infeasible
14	Infeasible
14	Infeasible
14	Infeasible
14	Infeasible
14	Infeasible
14	Infeasible
14	Infeasible
15	0	98.3865  98.5528  99.5073  99.3135  99.5151  Min: 98.3865
15	0	98.3865  98.5528  99.6816  99.1338  99.5073  Min: 98.3865
15	0	98.3865  99.3135  99.5151  98.5528  99.5073  Min: 98.3865
15	Infeasible
15	Infeasible
15	Infeasible
15	Infeasible
16	0	97.5222  95.3409  96.3021  96.9292  95.4347  Min: 95.3409
16	0	97.5222  95.3409  97.1679  96.0656  95.4347  Min: 95.3409
16	0	97.5222  95.3409  96.3021  96.9292  95.4347  Min: 95.3409
16	Infeasible
16	Infeasible
16	Infeasible
16	Infeasible
16	Infeasible
16	Infeasible
16	Infeasible
17	0	72.5081  76.3723  65.9299  70.956  65.6454  76.4218  74.6657  81.5211  67.8009  71.3796  75.5264  81.352  76.4269  95.2701  Min: 65.6454
17	0	72.5081  68.1647  69.2303  75.3635  69.8618  70.4446  76.488  71.3146  79.7696  76.1416  69.1011  81.352  84.4881  92.8077  Min: 68.1647
17	0	69.8958  73.594  75.0363  62.5415  71.9635  74.6443  73.7144  69.1107  78.0994  79.9586  70.6001  81.352  90.2218  88.6865  Min: 62.5415
17	Infeasible
17	Infeasible
17	2	71.0764  74.4422  73.9453  70.3642  70.0124  74.135  69.8133  70.0835  73.3334  77.3159  73.0379  81.352  69.9205  96.3452  Min: 69.8133
17	Infeasible
18	0	96.1506  97.1201  96.5296  95.8391  98.0995  97.5332  Min: 95.8391
18	0	96.1506  97.1201  96.5296  96.8149  96.7007  97.9399  Min: 96.1506
18	0	96.1506  97.6566  95.9995  95.8391  97.2034  98.4379  Min: 95.8391
18	Infeasible
18	Infeasible
18	2	96.1506  97.1201  97.503  96.2547  96.7007  97.5332  Min: 96.1506
18	Infeasible
18	Infeasible
18	Infeasible
19	0	96.4644  96.7905  95.8588  96.1072  96.1838  95.6397  93.9451  94.3118  95.279  94.8919  Min: 93.9451
19	0	94.7521  97.3401  96.5771  94.7148  94.7707  97.0055  95.0782  95.2142  95.279  94.8919  Min: 94.7148
19	0	95.7113  97.1923  97.1553  97.7505  94.6124  94.4853  91.4565  97.147  95.279  94.8919  Min: 91.4565
19	Infeasible
19	1	94.7521  96.5012  97.4167  94.7148  94.9293  95.6482  96.3873  95.0554  95.279  94.8919  Min: 94.7148
19	Infeasible
19	Infeasible
19	Infeasible
19	Infeasible
19	6	94.7521  96.5012  97.4167  95.2787  95.1563  94.7286  96.3873  95.2191  95.279  94.8919  Min: 94.7286
20	0	77.1168  81.3087  72.3806  68.3993  85.0474  81.1248  79.6124  78.5021  90.3187  78.6749  85.7497  69.7148  80.2861  87.7114  94.9261  67.3551  Min: 67.3551
20	0	79.8604  73.6776  77.7387  93.3803  87.5849  78.9792  80.7326  73.7099  78.5021  72.3468  80.14  81.1816  87.4975  83.1904  79.4967  77.9696  Min: 72.3468
20	0	78.1516  85.5896  77.6513  85.4069  72.3451  85.625  73.4519  80.2021  82.0587  83.3245  83.3182  78.4188  79.596  84.209  88.6703  78.3412  Min: 72.3451
20	Infeasible
21	0	96.1634  96.741  96.6564  97.4739  98.1496  95.3383  95.0634  95.3828  97.6571  97.0004  98.1091  96.7624  99.4666  97.4783  94.7451  98.2247  97.2033  97.1782  98.7266  96.3845  95.8762  98.9369  98.8713  95.7036  96.1634  98.0313  97.7763  98.7987  97.1575  98.6735  98.4111  96.3845  96.1455  98.3194  98.0977  97.2033  97.2033  96.3492  97.7581  97.6059  96.8551  98.5886  98.6735  95.3828  98.8687  98.6735  96.2707  97.1415  99.4666  96.6564  93.4026  95.3664  97.9099  97.4783  94.8877  98.5013  95.8627  98.0977  94.4545  95.2659  Min: 93.4026
21	0	95.1186  98.2247  95.0634  97.4739  96.1634  95.9765  98.8687  97.0315  98.1496  97.1782  95.5868  97.2033  95.3385  97.4783  95.3828  96.1455  98.9369  98.8713  97.7763  96.3845  98.6735  96.6205  94.8877  96.3845  97.0004  98.9369  98.5886  96.7624  98.7987  99.4666  97.2413  95.7036  95.0634  98.0977  98.3194  96.8551  98.0313  97.4783  96.6564  98.0977  95.527  97.2033  97.2033  96.8551  98.3094  94.4545  98.6735  97.9099  96.4571  98.6735  98.8687  98.5013  97.2033  99.4666  95.4646  97.8902  96.583  94.268  95.3828  96.425  Min: 94.268
21	0	96.1634  98.2247  97.1782  96.6564  96.741  97.0314  97.0315  98.8687  95.0763  95.3828  96.6205  95.8347  96.7624  96.3845  95.8762  99.2414  98.7987  97.4783  96.1634  97.2033  95.0634  98.4411  97.4783  94.7451  98.3194  96.8551  98.782  98.0977  98.8713  96.1455  96.4965  97.8401  96.3845  95.7036  98.3094  96.3492  97.1724  98.7266  96.6564  98.5886  97.2033  97.2033  98.8687  97.4783  97.2762  98.0977  96.8551  98.0313  97.2033  95.3828  97.7581  94.4545  98.1275  98.5013  96.9293  95.4646  98.0313  97.2033  97.5945  97.9099  Min: 94.4545
21	0	96.1634  97.4739  96.6564  98.2247  98.8687  97.1782  98.1496  96.2573  97.0315  94.1017  98.7266  97.6571  95.8762  98.9369  97.2033  96.4535  94.239  98.8713  96.1634  96.1455  98.6735  97.0004  97.8743  98.9369  96.3845  97.7763  97.8902  95.724  95.7036  98.8687  97.2762  97.2033  99.4666  97.2033  95.3828  96.6906  98.0313  97.4783  97.7581  99.4666  98.0313  98.3194  98.5013  98.0977  94.7451  95.4646  96.3492  98.4111  96.8551  97.2033  97.4783  96.6564  98.0277  97.1572  98.3094  94.7497  93.9796  96.3845  94.9033  96.9293  Min: 93.9796
21	1	96.1634  98.2247  95.1186  97.1782  96.741  97.4739  94.4657  96.6564  98.1496  94.6603  97.0315  98.7266  95.3828  97.4783  97.6571  97.0004  96.7624  97.2033  98.8713  97.452  98.9369  99.4666  96.3845  97.4783  98.0977  97.7581  95.7289  98.0977  98.7987  98.6735  98.5013  98.3609  95.4646  96.1455  96.6564  98.3194  98.3094  95.7036  98.8687  98.0313  97.2033  97.2033  98.6735  98.4111  95.0634  96.9293  95.3828  96.3492  97.9099  95.7089  97.4783  98.0313  95.0163  97.7763  98.5886  95.527  95.3664  94.4545  96.3845  98.1275  Min: 94.4545
