1	0	93.4593  99.1848  98.7189  100  48.1761  30.2979  30.2093  98.1648  66.0796  69.7032  90.6242  86.4781  90.2075  71.1333  99.5728  81.0239  93.4588  99.6537  73.1662  99.8576  84.3644  Min: 30.2093
1	0	100  99.994  98.7189  97.3509  65.5284  62.4543  95.1502  46.7148  85.8594  77.4952  98.8706  85.971  94.3129  52.4029  66.0809  37.3876  47.5667  29.903  73.1662  99.8576  84.3644  Min: 29.903
1	0	93.4593  98.7189  99.9809  97.3509  47.3678  85.7869  92.3129  67.6832  91.2532  52.652  96.4576  49.069  96.4001  99.71  72.0501  80.7155  99.5728  89.6456  99.87  99.8576  84.3644  Min: 47.3678
1	Infeasible
2	0	100  98.4749  64.4942  57.6353  99.0581  70.2428  85.3193  99.914  46.9562  81.9116  98.8206  87.4975  93.7326  87.8927  67.7552  40.6462  26.8695  72.5385  39.6858  57.6346  22.0194  29.1808  99.8442  93.3166  99.9443  99.1978  65.0602  Min: 22.0194
2	0	100  99.5501  73.8304  73.4065  79.099  70.2428  70.2428  92.2773  75.4582  79.4318  87.4975  72.5385  98.8206  81.9116  98.8206  93.8324  95.0742  98.3207  98.3737  97.281  99.4088  72.0942  75.0611  74.2476  75.4582  72.9763  75.0607  Min: 70.2428
2	0	100  22.0181  83.5727  57.6353  97.237  40.6462  69.7613  98.9628  99.9877  87.6966  39.6858  96.1287  99.9942  98.8206  54.0938  29.1808  98.876  99.2597  84.3458  15.4995  32.511  23.2609  88.0855  95.7371  40.6462  25.6863  72.539  Min: 15.4995
2	0	100  99.5501  57.6353  92.9867  73.4065  58.9736  70.2428  72.0942  46.9562  49.4498  98.8206  81.9116  69.7613  95.0742  98.3207  73.8304  55.5447  97.7577  92.9867  95.6682  74.6576  59.6275  99.8852  58.9736  99.9807  66.7027  81.9116  Min: 46.9562
2	1	100  76.9848  82.1997  73.4065  98.2658  70.2428  87.6966  99.8491  67.7552  98.8206  91.2187  97.8286  87.4975  87.6966  94.8311  70.2433  72.0942  95.2299  80.0823  66.7033  99.9952  72.9758  67.2334  59.6275  66.7033  63.3347  76.6128  Min: 59.6275
2	2	100  98.4749  93.0985  73.4065  98.0595  70.2428  70.2428  98.3996  67.7552  75.8494  99.4631  98.3737  87.4975  93.7326  93.631  66.164  98.8206  66.164  76.2339  70.2433  72.5385  82.7623  88.0855  86.4522  98.4252  89.005  76.6124  Min: 66.164
2	Infeasible
3	0	71.5882  66.0614  67.2722  72.2403  71.0367  85.8593  65.9044  64.3114  60.4697  70.8875  62.8755  78.6756  72.2094  66.5742  68.8898  Min: 60.4697
3	0	74.5698  70.7129  72.416  74.8946  71.8188  70.5168  65.3373  67.5461  65.8875  72.2094  66.4722  67.5281  65.3947  70.4733  65.331  Min: 65.331
3	0	69.2385  61.8822  67.9933  61.7428  72.6253  71.5262  63.9848  89.5934  77.248  68.0829  71.556  64.9235  70.8436  72.2094  67.8535  Min: 61.7428
3	0	68.6235  66.7261  69.1781  77.1709  66.6197  69.0173  74.1102  67.5639  68.6648  74.403  72.2094  67.2364  67.1997  67.7768  70.6897  Min: 66.6197
3	Infeasible
4	0	99.4927  95.4851  96.6378  97.0543  99.1782  Min: 95.4851
4	0	99.4927  95.4851  96.6378  97.0543  99.1782  Min: 95.4851
4	0	99.4927  95.4851  96.6378  97.0543  99.1782  Min: 95.4851
5	0	94.2778  97.8925  93.7421  95.0167  93.9131  97.0055  94.7641  97.2972  95.7843  96.8894  96.2424  96.6408  96.4537  95.1124  Min: 93.7421
5	0	96.7954  94.365  97.3305  94.5898  95.1068  94.7011  94.3273  97.7695  94.0652  96.6765  96.8894  96.2424  96.9279  95.1124  Min: 94.0652
5	0	96.3981  93.2767  96.6765  96.2736  95.5568  96.7194  93.9131  95.1047  94.0652  97.5894  96.8894  96.2424  96.9279  95.1124  Min: 93.2767
5	Infeasible
5	1	94.45  94.5898  96.0789  97.3314  94.1485  94.3273  96.3483  94.0652  97.5993  96.8894  96.6817  96.2424  96.9279  95.1124  Min: 94.0652
5	Infeasible
5	Infeasible
5	Infeasible
6	0	91.6553  96.8486  98.0769  94.7707  99.165  93.5195  97.5541  93.9225  92.6253  95.5256  96.3237  96.9983  94.0635  94.7053  99.7364  Min: 91.6553
6	0	93.6376  94.7254  98.2792  95.2337  98.4793  95.803  93.5569  97.5541  96.7601  95.9953  95.679  92.57  94.0635  94.7053  99.5318  Min: 92.57
6	0	91.2288  97.2897  93.7698  95.8203  96.5932  97.0218  95.7705  98.6149  97.5154  95.8588  95.679  92.57  94.0635  94.7053  99.5318  Min: 91.2288
6	0	93.2948  93.9229  98.051  96.28  99.165  93.9413  97.5541  94.9116  93.0019  95.679  94.9923  96.9983  94.0635  94.7053  99.7364  Min: 93.0019
6	1	93.6376  97.5469  94.4594  93.711  98.0993  98.5977  93.5569  97.5541  96.5094  93.9225  95.9016  94.1482  94.7053  94.0635  99.7364  Min: 93.5569
6	2	93.6376  95.0424  98.2792  94.9199  95.4878  93.9413  97.5541  96.7601  98.4793  94.7853  95.3272  94.3152  94.0635  94.7053  99.5318  Min: 93.6376
7	0	99.9408  54.9481  80.152  82.6398  99.8848  99.9445  54.6894  99.9992  100  99.9984  Min: 54.6894
7	0	99.9927  61.6292  80.152  46.3084  98.5761  99.9852  54.6894  99.9977  100  99.9984  Min: 46.3084
7	0	99.9927  61.6292  80.152  80.5491  99.3013  99.916  54.6894  99.9999  99.9999  99.9992  Min: 54.6894
8	0	82.1163  87.6545  91.0785  80.7866  86.0334  76.1355  85.7351  74.4568  Min: 74.4568
8	0	80.0884  81.3367  83.7696  86.2408  87.3153  81.3612  85.9317  78.2235  Min: 78.2235
8	0	82.926  88.3823  92.2236  84.5243  79.9138  78.5421  76.308  82.9427  Min: 76.308
8	0	80.8641  85.8703  88.3925  81.8365  81.3367  84.0737  81.3612  81.2196  Min: 80.8641
8	Infeasible
8	2	83.5216  83.137  82.7846  82.7809  82.6546  85.3066  82.7073  82.936  Min: 82.6546
8	Infeasible
8	Infeasible
8	5	83.1836  83.1021  83.1649  84.7385  82.9838  82.8632  82.8477  82.936  Min: 82.8477
8	6	83.1836  83.1354  83.2487  82.9838  83.1576  83.9793  83.0254  82.936  Min: 82.936
8	7	83.1836  83.4849  83.2947  82.9969  82.9876  83.1979  82.9769  83.2792  Min: 82.9769
9	0	98.6196  99.4217  99.0545  99.2805  99.8034  99.3436  99.7485  99.6765  Min: 98.6196
9	0	98.8067  99.4994  99.0545  99.0267  99.5029  100  99.3436  99.6765  Min: 98.8067
9	0	98.8067  99.4217  99.0545  98.5542  99.8034  99.7485  99.3436  99.6765  Min: 98.5542
9	0	98.8067  99.0545  99.4217  99.1083  99.2032  99.8034  99.3436  99.6765  Min: 98.8067
10	0	99.0013  99.61  98.6917  99.0013  99.2528  98.8256  99.411  98.5802  Min: 98.5802
10	0	99.0013  99.61  98.6917  99.0013  98.8256  99.2528  99.411  98.5802  Min: 98.5802
10	0	99.0013  98.6917  99.61  99.0013  98.7386  99.411  99.3331  98.5802  Min: 98.5802
11	0	90.9202  94.0533  94.9176  96.7431  92.9529  90.3016  92.7929  94.1958  94.6797  92.845  85.9959  Min: 85.9959
11	0	91.7044  91.5395  91.5944  91.8631  93.1555  92.2378  92.7929  91.5029  91.6769  94.64  96.7167  Min: 91.5029
11	0	92.2225  93.7898  92.5638  92.7929  94.2998  93.1497  96.259  94.4021  91.2562  92.8516  87.6235  Min: 87.6235
11	0	90.6196  93.2899  93.4477  95.8821  92.7929  94.5413  90.9113  93.6421  91.4114  93.957  90.0479  Min: 90.0479
11	1	92.2225  91.4663  92.8579  93.914  92.7929  92.6192  92.57  92.0167  91.4748  91.5487  96.7167  Min: 91.4663
11	2	92.69  92.1364  92.441  92.2794  92.3578  92.2747  92.7929  92.3024  92.1364  92.2217  96.7167  Min: 92.1364
11	Infeasible
11	Infeasible
11	Infeasible
12	0	99.6733  70.9846  38.5968  97.7711  91.4488  98.661  67.7605  99.5019  96.6522  98.5575  99.8292  99.9996  Min: 38.5968
12	0	95.6758  38.5968  97.0315  98.8873  97.7711  71.1741  90.2869  99.5441  99.8292  96.6522  98.5575  99.9996  Min: 38.5968
12	0	99.6733  98.844  38.5968  99.8361  99.9252  99.6927  97.3244  84.0147  98.7635  96.6522  98.5575  95.911  Min: 38.5968
13	0	90.7647  91.1271  90.9062  90.3843  92.2703  90.2084  86.8837  88.5406  95.0944  88.7058  91.0374  84.0215  85.8104  88.7009  88.3234  88.9194  90.3016  96.2463  93.0352  96.3971  76.9665  87.1815  86.6908  Min: 76.9665
13	0	90.7647  90.1283  93.308  90.3843  90.7834  90.2084  95.0944  87.4328  87.2494  89.8941  90.5996  84.0215  85.8104  88.2232  89.6254  88.9194  88.3203  93.9319  92.7363  96.3971  94.5936  95.5334  86.6908  Min: 84.0215
13	0	90.7647  91.1486  90.8736  90.3843  90.6112  95.0944  92.2069  90.7656  87.6581  90.8404  90.5996  84.4903  85.8104  88.4617  86.9701  86.5368  93.5012  92.6253  94.732  94.4404  76.9665  87.1815  86.6908  Min: 76.9665
13	0	90.7647  91.0322  92.4608  90.3843  90.7834  90.8787  95.0944  88.7233  87.6078  86.9466  88.6477  84.3243  87.958  88.7009  88.3234  88.285  92.979  93.37  92.0904  94.2898  83.2221  87.1815  86.6908  Min: 83.2221
13	Infeasible
13	Infeasible
13	Infeasible
13	Infeasible
13	Infeasible
13	Infeasible
13	Infeasible
13	Infeasible
13	Infeasible
14	0	91.9799  91.6398  91.1435  94.3781  Min: 91.1435
14	0	91.9799  91.1435  91.6398  94.3781  Min: 91.1435
14	0	91.9799  91.1435  91.6398  94.3781  Min: 91.1435
14	Infeasible
14	Infeasible
14	Infeasible
14	Infeasible
14	Infeasible
15	0	98.334  98.5057  99.4913  99.6713  99.6575  99.4994  Min: 98.334
15	0	99.5073  98.5057  98.5057  99.4994  99.4913  99.6713  Min: 98.5057
15	0	99.5073  98.5057  99.6713  98.5057  99.4994  99.4913  Min: 98.5057
15	0	99.5073  98.5057  99.4994  98.5057  99.4913  99.6713  Min: 98.5057
16	0	98.9526  97.0348  97.2693  98.0127  97.4725  97.2253  96.7863  98.6027  Min: 96.7863
16	0	98.9526  97.0348  97.5167  97.4627  97.5603  97.6383  96.7863  98.3865  Min: 96.7863
16	0	98.9526  97.0348  97.2693  97.8142  97.0446  97.8452  96.7863  98.6027  Min: 96.7863
17	0	79.2204  80.6614  88.506  94.3086  70.6283  77.115  75.4802  79.4309  72.2441  78.9228  78.1852  80.7868  81.9461  79.0534  88.8427  91.6494  88.8134  86.6358  78.6474  87.2802  86.9773  87.4971  91.6308  85.0154  77.1805  62.9771  Min: 62.9771
17	0	79.2204  82.2859  83.5939  87.6867  74.774  80.2692  73.1444  80.7914  74.2305  74.9612  83.2667  83.459  91.6494  85.4081  78.3367  83.2892  86.774  80.1022  87.0363  85.3167  81.832  94.979  91.6308  85.0154  70.0001  71.3982  Min: 70.0001
17	0	79.2204  84.4827  90.9442  90.9559  83.2267  76.7966  68.8475  74.6746  82.5667  85.1543  76.7989  82.2023  91.6494  80.4239  85.1716  88.9144  73.6349  83.5161  84.2747  84.8997  81.7295  87.4971  91.6308  85.0154  77.1805  62.9771  Min: 62.9771
17	Infeasible
17	1	79.2204  80.7807  89.6791  91.6301  79.0059  80.8373  82.5437  71.5575  91.6494  77.2186  81.1059  80.1774  80.7034  78.9239  80.9744  77.1581  85.8505  87.196  85.3167  83.5398  82.5447  87.4971  91.6308  85.0154  70.0001  71.3982  Min: 70.0001
17	Infeasible
17	Infeasible
17	Infeasible
17	Infeasible
18	0	98.3174  97.9317  97.772  98.7109  97.3069  97.2157  97.8632  98.2899  99.0644  98.7677  Min: 97.2157
18	0	98.3174  97.9317  97.772  97.3069  98.7109  97.8632  98.6098  97.2157  99.1933  98.2734  Min: 97.2157
18	0	98.3174  97.9317  97.772  97.3069  98.7109  97.2157  97.414  98.7395  99.05  98.7483  Min: 97.2157
19	0	97.3945  97.5222  97.4263  97.0154  97.8489  97.531  96.1931  96.5486  95.8862  97.9838  95.2097  95.6371  95.839  96.7531  Min: 95.2097
19	0	96.3608  98.2259  96.6912  97.9167  97.531  95.9422  97.6854  97.1646  97.9838  95.8862  95.2097  95.6371  95.839  96.7531  Min: 95.2097
19	0	98.2623  97.4702  96.6912  97.0999  97.1646  98.0753  97.6182  96.1931  96.7437  97.8534  94.3963  94.3839  95.839  96.7531  Min: 94.3839
19	Infeasible
19	1	96.3608  98.2259  97.8534  96.1847  97.6854  96.8936  97.9167  97.531  96.7104  95.8862  95.3779  95.6371  95.839  96.7531  Min: 95.3779
19	2	96.1847  96.4737  98.0591  96.3676  97.9167  97.531  96.7104  95.4101  97.9838  95.7241  98.2723  95.6371  95.839  96.7531  Min: 95.4101
20	0	77.2957  72.7915  68.1295  85.8748  87.6217  88.1474  92.4685  81.504  73.8375  87.1179  74.878  85.4401  76.5589  88.9621  88.0327  73.6308  76.9416  88.3514  83.7707  83.9364  83.4767  67.8693  82.9274  Min: 67.8693
20	0	86.4071  79.8966  72.7915  81.504  74.2085  83.8861  84.3079  90.8449  89.0798  82.706  74.878  88.0327  85.4401  81.966  71.2782  72.2988  89.5633  84.7309  79.726  79.4751  68.5322  88.3514  83.3535  Min: 68.5322
20	0	84.2899  82.2859  75.5983  68.02  82.7151  88.4096  81.504  90.9719  85.9353  75.5997  74.878  85.4401  86.5655  78.3179  79.5444  80.6245  83.3815  88.3514  80.1356  87.9985  79.5704  74.6588  79.2489  Min: 68.02
20	0	77.669  72.7915  74.2085  88.4555  83.2019  85.1015  88.1474  89.1634  73.8375  86.203  74.878  85.4401  88.0327  74.3475  79.1137  79.4751  77.5254  84.4193  88.3514  82.5311  78.7919  84.7309  81.3996  Min: 72.7915
20	1	81.8381  80.5816  82.5833  89.1634  81.504  84.5231  85.9353  74.2085  82.706  80.5157  82.8899  85.4401  81.966  83.2069  83.0888  85.3013  81.1927  79.893  75.0689  74.6289  87.2406  75.8471  76.4856  Min: 74.2085
21	0	95.4251  97.8831  96.6352  96.1138  96.9878  96.013  95.9051  94.4943  97.2062  94.1134  98.6541  96.6573  96.4231  97.4653  97.7935  98.6563  95.4038  96.6651  98.7324  95.6887  97.2411  94.5918  94.8768  99.3639  95.0827  96.993  98.5675  94.4943  98.5057  94.1134  97.3267  96.7355  97.7316  96.013  96.6651  97.996  98.1059  96.993  97.7316  96.6651  98.6511  98.4816  95.6467  93.3873  95.4038  95.5462  99.3639  95.6887  96.25  98.317  97.6525  96.25  98.6511  97.5077  96.3384  97.6525  97.9841  95.4251  95.1572  97.7671  98.2128  98.1053  97.5606  Min: 93.3873
21	0	95.4251  97.8831  96.1138  96.4602  96.013  96.4603  94.1134  95.4251  94.4943  98.6541  97.7145  96.8216  96.4231  97.4653  98.6563  95.6887  94.8768  96.6651  97.3484  98.8218  94.4943  98.6511  95.6887  96.6651  96.6352  98.5675  97.5077  96.5717  97.7316  98.7324  95.4038  98.4816  94.5918  96.6651  95.9532  95.0827  96.993  93.7338  97.7316  98.4183  98.7324  96.993  98.4183  97.996  97.9841  98.4183  97.6525  96.013  95.839  98.1053  97.3267  95.6467  96.25  97.6525  94.7163  93.3873  96.25  98.2128  98.317  98.2393  96.993  99.3639  95.1572  Min: 93.3873
21	0	95.4251  94.1134  96.9878  97.8831  96.6352  96.013  97.7935  98.6511  94.5605  95.4038  94.5918  96.6651  96.4603  98.6541  96.1117  95.537  94.4943  98.4183  98.7324  97.2062  96.4231  96.7172  98.4345  97.4653  98.1504  98.5675  98.4183  99.3639  98.4816  96.6651  95.6887  96.013  97.996  94.4943  97.7316  98.2128  95.6887  96.993  93.7338  96.993  97.5077  96.25  95.0827  96.25  95.6467  95.9042  98.1667  97.7316  94.8768  96.6651  97.9167  95.4813  98.4183  93.3873  97.6525  96.6651  97.9841  98.317  97.3267  97.6525  96.6651  97.3167  98.1053  Min: 93.3873
